# relative_time, cycles_done, cur_item, corpus_count, pending_total, pending_favs, map_size, saved_crashes, saved_hangs, max_depth, execs_per_sec, total_execs, edges_found, total_crashes, servers_count
61, 8, 527, 551, 21, 0, 14.63%, 0, 0, 15, 17863.89, 1398766, 989, 0, 0
66, 8, 255, 557, 13, 0, 14.63%, 0, 0, 15, 20472.17, 1506128, 989, 0, 0
71, 9, 545, 559, 10, 0, 14.63%, 0, 0, 15, 20735.92, 1614429, 989, 0, 0
76, 10, 205, 561, 4, 0, 14.87%, 0, 0, 15, 20058.17, 1733633, 1005, 0, 0
82, 10, 549, 564, 3, 0, 14.87%, 0, 0, 15, 19444.62, 1834343, 1005, 0, 0
87, 11, 564, 565, 2, 0, 14.87%, 0, 0, 15, 18726.86, 1929177, 1005, 0, 0
92, 11, 244, 565, 1, 0, 14.87%, 0, 0, 15, 18623.23, 2024409, 1005, 0, 0
97, 12, 255, 566, 2, 0, 14.87%, 0, 0, 15, 18060.02, 2116950, 1005, 0, 0
102, 13, 265, 570, 1, 0, 14.87%, 0, 0, 15, 19415.54, 2216857, 1005, 0, 0
107, 13, 567, 573, 4, 0, 14.87%, 0, 0, 15, 20776.75, 2338610, 1005, 0, 0
112, 14, 251, 574, 3, 0, 14.87%, 0, 0, 15, 20107.30, 2441166, 1005, 0, 0
117, 14, 176, 576, 3, 0, 14.87%, 0, 0, 15, 18811.25, 2540413, 1005, 0, 0
123, 15, 59, 576, 3, 0, 14.87%, 0, 0, 15, 20146.02, 2644967, 1005, 0, 0
128, 16, 277, 580, 5, 0, 14.87%, 0, 0, 15, 20630.83, 2749656, 1005, 0, 0
133, 16, 581, 582, 2, 0, 14.87%, 0, 0, 15, 20569.78, 2854574, 1005, 0, 0
138, 17, 580, 584, 3, 0, 14.87%, 0, 0, 15, 20590.32, 2959625, 1005, 0, 0
138, 17, 232, 585, 2, 0, 14.87%, 0, 0, 15, 0.00, 2969918, 1005, 0, 0
143, 17, 27, 590, 3, 0, 14.87%, 0, 0, 15, 20854.82, 3076004, 1005, 0, 0
148, 18, 405, 592, 1, 0, 14.87%, 0, 0, 15, 20860.93, 3182048, 1005, 0, 0
153, 18, 251, 592, 1, 0, 14.87%, 0, 0, 15, 20913.90, 3289024, 1005, 0, 0
158, 19, 214, 592, 1, 0, 14.87%, 0, 0, 15, 21100.09, 3397128, 1005, 0, 0
164, 20, 549, 592, 1, 0, 14.87%, 0, 0, 15, 21016.97, 3505944, 1005, 0, 0
169, 20, 552, 592, 1, 0, 14.87%, 0, 0, 15, 20919.95, 3611962, 1005, 0, 0
174, 21, 208, 592, 1, 0, 14.87%, 0, 0, 15, 21124.36, 3734214, 1005, 0, 0
179, 22, 495, 592, 1, 0, 14.87%, 0, 0, 15, 20929.69, 3841674, 1005, 0, 0
184, 22, 357, 592, 1, 0, 14.87%, 0, 0, 15, 21370.97, 3950484, 1005, 0, 0
189, 23, 256, 592, 1, 0, 14.87%, 0, 0, 15, 20922.34, 4056810, 1005, 0, 0
194, 23, 263, 592, 1, 0, 14.87%, 0, 0, 15, 19005.05, 4150720, 1005, 0, 0
199, 24, 221, 593, 0, 0, 14.87%, 0, 0, 15, 18678.05, 4244944, 1005, 0, 0
205, 25, 441, 593, 0, 0, 14.87%, 0, 0, 15, 18653.07, 4351036, 1005, 0, 0
210, 25, 211, 596, 1, 0, 14.87%, 0, 0, 17, 17145.76, 4434863, 1005, 0, 0
215, 25, 217, 596, 0, 0, 14.87%, 0, 0, 17, 18573.22, 4531062, 1005, 0, 0
220, 26, 76, 596, 0, 0, 14.87%, 0, 0, 17, 18614.78, 4625921, 1005, 0, 0
225, 27, 276, 596, 0, 0, 14.87%, 0, 0, 17, 18494.19, 4720342, 1005, 0, 0
230, 27, 308, 596, 0, 0, 14.87%, 0, 0, 17, 18416.63, 4813052, 1005, 0, 0
235, 28, 534, 597, 1, 0, 14.87%, 0, 0, 17, 18060.18, 4914622, 1005, 0, 0
240, 28, 210, 597, 1, 0, 14.87%, 0, 0, 17, 17961.51, 5006457, 1005, 0, 0
245, 29, 276, 598, 2, 0, 14.87%, 0, 0, 17, 17901.09, 5099048, 1005, 0, 0
250, 29, 251, 599, 1, 0, 14.96%, 0, 0, 17, 18904.53, 5195912, 1011, 0, 0
256, 30, 328, 601, 2, 0, 14.96%, 0, 0, 17, 18303.54, 5290207, 1011, 0, 0
261, 30, 158, 601, 1, 0, 14.96%, 0, 0, 17, 18480.91, 5385975, 1011, 0, 0
266, 31, 235, 603, 2, 0, 14.96%, 0, 0, 17, 18672.82, 5481669, 1011, 0, 0
265, 31, 448, 603, 2, 0, 14.96%, 0, 0, 17, 0.00, 5483943, 1011, 0, 0
271, 31, 101, 603, 1, 0, 14.96%, 0, 0, 17, 16829.92, 5571663, 1011, 0, 0
276, 32, 155, 604, 1, 0, 14.96%, 0, 0, 17, 17404.02, 5661024, 1011, 0, 0
281, 32, 594, 604, 1, 0, 14.96%, 0, 0, 17, 12583.92, 5723677, 1011, 0, 0
286, 33, 339, 604, 1, 0, 14.96%, 0, 0, 17, 16945.65, 5810778, 1011, 0, 0
291, 33, 399, 604, 1, 0, 14.96%, 0, 0, 17, 20835.95, 5920744, 1011, 0, 0
296, 34, 161, 604, 1, 0, 14.96%, 0, 0, 17, 21361.83, 6030970, 1011, 0, 0
301, 34, 405, 604, 1, 0, 14.96%, 0, 0, 17, 21549.47, 6152018, 1011, 0, 0
306, 35, 549, 604, 0, 0, 14.96%, 0, 0, 17, 19621.21, 6251827, 1011, 0, 0
311, 35, 549, 604, 0, 0, 14.96%, 0, 0, 17, 19326.75, 6348085, 1011, 0, 0
317, 36, 405, 604, 0, 0, 14.96%, 0, 0, 17, 19203.15, 6446997, 1011, 0, 0
322, 37, 452, 604, 0, 0, 14.96%, 0, 0, 17, 19111.71, 6544611, 1011, 0, 0
327, 37, 52, 604, 0, 0, 14.96%, 0, 0, 17, 18623.50, 6642215, 1011, 0, 0
332, 38, 132, 604, 0, 0, 14.96%, 0, 0, 17, 19539.36, 6755997, 1011, 0, 0
337, 38, 545, 604, 0, 0, 14.96%, 0, 0, 17, 18632.58, 6849655, 1011, 0, 0
342, 39, 39, 604, 0, 0, 14.96%, 0, 0, 17, 18410.10, 6938177, 1011, 0, 0
348, 39, 542, 605, 1, 0, 14.96%, 0, 0, 17, 19849.80, 7039506, 1011, 0, 0
353, 40, 145, 607, 2, 0, 14.96%, 0, 0, 17, 19956.51, 7142712, 1011, 0, 0
358, 40, 328, 607, 2, 0, 14.96%, 0, 0, 17, 20583.01, 7247098, 1011, 0, 0
363, 41, 221, 607, 2, 0, 14.96%, 0, 0, 17, 20328.07, 7361647, 1011, 0, 0
368, 41, 418, 608, 2, 0, 14.96%, 0, 0, 17, 20277.02, 7462294, 1011, 0, 0
373, 42, 86, 608, 1, 0, 14.96%, 0, 0, 17, 21016.52, 7571006, 1011, 0, 0
378, 43, 263, 608, 1, 0, 14.96%, 0, 0, 17, 20961.47, 7676288, 1011, 0, 0
383, 43, 103, 608, 1, 0, 14.96%, 0, 0, 17, 20619.04, 7781990, 1011, 0, 0
388, 44, 221, 608, 1, 0, 14.96%, 0, 0, 17, 20181.69, 7887150, 1011, 0, 0
394, 44, 127, 608, 0, 0, 14.96%, 0, 0, 17, 19578.70, 7989521, 1011, 0, 0
399, 45, 405, 608, 0, 0, 14.96%, 0, 0, 17, 17940.98, 8082119, 1011, 0, 0
404, 45, 517, 609, 0, 0, 14.96%, 0, 0, 17, 17970.11, 8176686, 1011, 0, 0
409, 46, 226, 610, 1, 0, 14.96%, 0, 0, 17, 18158.52, 8270311, 1011, 0, 0
414, 46, 305, 611, 1, 0, 14.96%, 0, 0, 17, 18698.97, 8366633, 1011, 0, 0
419, 47, 582, 612, 1, 0, 14.96%, 0, 0, 17, 18477.80, 8462761, 1011, 0, 0
424, 47, 405, 612, 1, 0, 14.96%, 0, 0, 17, 18397.83, 8556423, 1011, 0, 0
424, 47, 338, 612, 1, 0, 14.96%, 0, 0, 17, 0.00, 8557823, 1011, 0, 0
429, 48, 555, 612, 1, 0, 14.96%, 0, 0, 17, 18679.74, 8653825, 1011, 0, 0
434, 48, 421, 612, 0, 0, 14.96%, 0, 0, 17, 18848.13, 8751805, 1011, 0, 0
439, 49, 374, 612, 0, 0, 14.96%, 0, 0, 17, 17986.57, 8841759, 1011, 0, 0
444, 49, 191, 612, 0, 0, 14.96%, 0, 0, 17, 18335.11, 8937519, 1011, 0, 0
450, 50, 608, 612, 0, 0, 14.96%, 0, 0, 17, 18016.62, 9030186, 1011, 0, 0
455, 50, 552, 612, 0, 0, 14.96%, 0, 0, 17, 17638.50, 9119793, 1011, 0, 0
460, 51, 549, 612, 0, 0, 14.96%, 0, 0, 17, 18007.56, 9223767, 1011, 0, 0
465, 51, 138, 612, 0, 0, 14.96%, 0, 0, 17, 17938.09, 9316123, 1011, 0, 0
470, 52, 214, 612, 0, 0, 14.96%, 0, 0, 17, 18236.47, 9410287, 1011, 0, 0
475, 52, 610, 612, 0, 0, 14.96%, 0, 0, 17, 18231.47, 9504909, 1011, 0, 0
480, 53, 253, 612, 0, 0, 14.96%, 0, 0, 17, 18549.88, 9599095, 1011, 0, 0
486, 54, 221, 612, 0, 0, 14.96%, 0, 0, 17, 21015.37, 9707155, 1011, 0, 0
491, 54, 213, 612, 0, 0, 14.96%, 0, 0, 17, 21329.09, 9829003, 1011, 0, 0
496, 55, 445, 613, 1, 0, 14.96%, 0, 0, 17, 20885.68, 9933436, 1011, 0, 0
501, 55, 45, 613, 1, 0, 14.96%, 0, 0, 17, 22024.34, 10045618, 1011, 0, 0
506, 56, 59, 613, 0, 0, 14.96%, 0, 0, 17, 21494.38, 10154586, 1011, 0, 0
511, 57, 305, 614, 1, 0, 14.96%, 0, 0, 17, 21304.80, 10263975, 1011, 0, 0
516, 57, 405, 614, 0, 0, 14.96%, 0, 0, 17, 20213.42, 10366616, 1011, 0, 0
521, 58, 138, 614, 0, 0, 14.96%, 0, 0, 17, 20896.55, 10473846, 1011, 0, 0
526, 58, 234, 614, 0, 0, 14.96%, 0, 0, 17, 19736.75, 10570335, 1011, 0, 0
531, 59, 338, 614, 0, 0, 14.96%, 0, 0, 17, 19442.41, 10670064, 1011, 0, 0
536, 59, 263, 614, 0, 0, 14.96%, 0, 0, 17, 20672.47, 10777156, 1011, 0, 0
542, 60, 514, 614, 0, 0, 14.96%, 0, 0, 17, 20959.14, 10885772, 1011, 0, 0
547, 60, 328, 615, 0, 0, 14.96%, 0, 0, 17, 20801.40, 10991427, 1011, 0, 0
552, 61, 211, 615, 0, 0, 14.96%, 0, 0, 17, 16283.45, 11108381, 1011, 0, 0
557, 62, 613, 615, 0, 0, 14.96%, 0, 0, 17, 19999.85, 11213284, 1011, 0, 0
562, 62, 265, 617, 2, 0, 14.96%, 0, 0, 17, 20259.72, 11314969, 1011, 0, 0
567, 63, 328, 617, 1, 0, 14.96%, 0, 0, 17, 19826.93, 11413898, 1011, 0, 0
572, 63, 140, 618, 1, 0, 14.96%, 0, 0, 17, 18993.30, 11508791, 1011, 0, 0
577, 64, 251, 618, 1, 0, 14.96%, 0, 0, 17, 20545.80, 11612613, 1011, 0, 0
582, 64, 276, 618, 1, 0, 14.96%, 0, 0, 17, 19994.63, 11715645, 1011, 0, 0
588, 65, 528, 619, 2, 0, 14.96%, 0, 0, 17, 18183.42, 11819931, 1011, 0, 0
593, 65, 613, 619, 1, 0, 14.96%, 0, 0, 17, 19058.75, 11921211, 1011, 0, 0
598, 66, 405, 619, 1, 0, 14.96%, 0, 0, 17, 20707.13, 12028066, 1011, 0, 0
603, 66, 631, 632, 12, 1, 14.97%, 0, 0, 17, 3052.90, 12111732, 1012, 0, 0
608, 67, 263, 639, 11, 0, 14.97%, 0, 0, 17, 12674.15, 12157405, 1012, 0, 0
613, 67, 634, 644, 9, 0, 14.97%, 0, 0, 17, 12934.97, 12219011, 1012, 0, 0
618, 67, 642, 655, 12, 0, 14.97%, 0, 0, 19, 16332.38, 12303645, 1012, 0, 0
623, 67, 389, 662, 14, 0, 14.97%, 0, 0, 19, 12530.50, 12368989, 1012, 0, 0
629, 67, 665, 669, 16, 0, 14.97%, 0, 0, 21, 1844.27, 12405509, 1012, 0, 0
634, 67, 664, 676, 18, 0, 14.97%, 0, 0, 22, 14176.80, 12432210, 1012, 0, 0
639, 67, 659, 677, 16, 0, 14.97%, 0, 0, 22, 2981.36, 12458112, 1012, 0, 0
644, 67, 675, 680, 13, 0, 14.97%, 0, 0, 22, 17185.78, 12499032, 1012, 0, 0
649, 68, 251, 682, 7, 0, 14.97%, 0, 0, 22, 19850.00, 12544261, 1012, 0, 0
654, 68, 27, 685, 6, 0, 14.97%, 0, 0, 22, 18222.94, 12606375, 1012, 0, 0
659, 68, 686, 691, 8, 0, 14.97%, 0, 0, 22, 12650.33, 12667162, 1012, 0, 0
664, 68, 276, 694, 6, 0, 14.97%, 0, 0, 22, 20295.00, 12716734, 1012, 0, 0
670, 68, 696, 699, 7, 0, 14.97%, 0, 0, 22, 2436.92, 12777300, 1012, 0, 0
675, 68, 354, 702, 5, 0, 14.97%, 0, 0, 22, 7639.97, 12823107, 1012, 0, 0
680, 69, 184, 708, 8, 0, 14.97%, 0, 0, 22, 18139.44, 12899684, 1012, 0, 0
685, 69, 711, 712, 7, 0, 14.97%, 0, 0, 22, 7319.15, 12954716, 1012, 0, 0
690, 69, 612, 712, 3, 0, 14.97%, 0, 0, 22, 12071.06, 13018734, 1012, 0, 0
695, 69, 712, 722, 13, 0, 14.97%, 0, 0, 22, 2284.70, 13044296, 1012, 0, 0
700, 69, 719, 722, 10, 0, 14.97%, 0, 0, 22, 2753.10, 13058963, 1012, 0, 0
705, 69, 720, 723, 7, 0, 14.97%, 0, 0, 22, 4639.31, 13082484, 1012, 0, 0
710, 69, 565, 724, 5, 0, 14.97%, 0, 0, 22, 5123.51, 13106647, 1012, 0, 0
715, 69, 491, 724, 3, 0, 14.97%, 0, 0, 22, 7220.00, 13142262, 1012, 0, 0
720, 69, 334, 724, 1, 0, 14.97%, 0, 0, 22, 11350.44, 13181912, 1012, 0, 0
725, 69, 263, 725, 1, 0, 14.97%, 0, 0, 22, 10768.29, 13228037, 1012, 0, 0
730, 70, 286, 730, 5, 0, 14.97%, 0, 0, 22, 14365.26, 13289802, 1012, 0, 0
735, 70, 631, 734, 5, 0, 14.97%, 0, 0, 22, 2861.60, 13329328, 1012, 0, 0
741, 70, 727, 734, 2, 0, 14.97%, 0, 0, 22, 9663.25, 13386764, 1012, 0, 0
746, 70, 737, 738, 3, 0, 14.97%, 0, 0, 22, 14960.35, 13462934, 1012, 0, 0
751, 70, 645, 742, 4, 0, 14.97%, 0, 0, 22, 12213.65, 13526262, 1012, 0, 0
756, 70, 733, 742, 3, 0, 14.97%, 0, 0, 22, 12620.10, 13579268, 1012, 0, 0
761, 70, 584, 745, 5, 0, 14.97%, 0, 0, 22, 16059.07, 13663738, 1012, 0, 0
766, 71, 483, 746, 5, 0, 14.97%, 0, 0, 22, 14839.93, 13739106, 1012, 0, 0
771, 71, 410, 750, 8, 0, 14.97%, 0, 0, 22, 15723.69, 13820507, 1012, 0, 0
776, 71, 744, 752, 6, 0, 14.97%, 0, 0, 22, 17927.07, 13906690, 1012, 0, 0
782, 71, 668, 752, 4, 0, 14.97%, 0, 0, 22, 13929.74, 13974207, 1012, 0, 0
787, 71, 666, 753, 4, 0, 14.97%, 0, 0, 22, 13976.99, 14043497, 1012, 0, 0
792, 72, 561, 756, 6, 0, 14.97%, 0, 0, 22, 14420.44, 14116740, 1012, 0, 0
797, 72, 756, 758, 6, 0, 14.97%, 0, 0, 22, 11878.99, 14178970, 1012, 0, 0
802, 72, 365, 758, 3, 0, 14.97%, 0, 0, 22, 13238.72, 14244620, 1012, 0, 0
807, 72, 489, 759, 2, 0, 14.97%, 0, 0, 22, 12038.31, 14327403, 1012, 0, 0
812, 72, 713, 759, 2, 0, 14.97%, 0, 0, 22, 13701.05, 14400333, 1012, 0, 0
817, 73, 572, 761, 4, 0, 14.97%, 0, 0, 22, 16008.92, 14480957, 1012, 0, 0
822, 73, 541, 761, 2, 0, 14.97%, 0, 0, 22, 14292.65, 14543530, 1012, 0, 0
828, 73, 103, 762, 2, 0, 14.97%, 0, 0, 23, 14516.66, 14608058, 1012, 0, 0
833, 73, 761, 762, 2, 0, 14.97%, 0, 0, 23, 1032.12, 14661902, 1012, 0, 0
838, 73, 683, 765, 3, 0, 14.97%, 0, 0, 23, 18705.02, 14736605, 1012, 0, 0
843, 73, 496, 766, 2, 0, 14.97%, 0, 0, 23, 16393.74, 14819015, 1012, 0, 0
848, 74, 723, 770, 2, 0, 14.97%, 0, 0, 23, 15527.09, 14899022, 1012, 0, 0
853, 74, 728, 771, 0, 0, 14.97%, 0, 0, 23, 14547.41, 14974374, 1012, 0, 0
858, 74, 673, 771, 0, 0, 14.97%, 0, 0, 23, 1616.11, 15044198, 1012, 0, 0
863, 74, 418, 771, 0, 0, 14.97%, 0, 0, 23, 2875.37, 15111962, 1012, 0, 0
868, 74, 631, 772, 1, 0, 14.97%, 0, 0, 23, 13224.18, 15179314, 1012, 0, 0
873, 75, 530, 772, 0, 0, 14.97%, 0, 0, 23, 9576.06, 15252019, 1012, 0, 0
879, 75, 723, 774, 0, 0, 14.97%, 0, 0, 23, 12356.39, 15320941, 1012, 0, 0
884, 75, 549, 774, 0, 0, 14.97%, 0, 0, 23, 16475.00, 15386966, 1012, 0, 0
889, 75, 631, 776, 2, 0, 14.97%, 0, 0, 23, 13976.03, 15452183, 1012, 0, 0
894, 75, 328, 776, 1, 0, 14.97%, 0, 0, 23, 12280.49, 15499901, 1012, 0, 0
899, 75, 692, 777, 0, 0, 14.97%, 0, 0, 23, 14452.65, 15578034, 1012, 0, 0
904, 76, 723, 777, 0, 0, 14.97%, 0, 0, 23, 9385.61, 15655560, 1012, 0, 0
909, 76, 662, 777, 0, 0, 14.97%, 0, 0, 23, 12486.38, 15724809, 1012, 0, 0
914, 76, 631, 779, 1, 0, 14.97%, 0, 0, 23, 14398.01, 15799402, 1012, 0, 0
919, 76, 631, 780, 2, 0, 14.97%, 0, 0, 23, 13788.97, 15871198, 1012, 0, 0
924, 76, 588, 787, 3, 0, 14.97%, 0, 0, 23, 15203.47, 15950824, 1012, 0, 0
929, 76, 787, 788, 2, 0, 14.97%, 0, 0, 23, 14337.24, 16022023, 1012, 0, 0
935, 77, 704, 788, 0, 0, 14.97%, 0, 0, 23, 16314.79, 16104367, 1012, 0, 0
940, 77, 336, 788, 0, 0, 14.97%, 0, 0, 23, 14707.03, 16181059, 1012, 0, 0
945, 77, 682, 788, 0, 0, 14.97%, 0, 0, 23, 12107.65, 16248611, 1012, 0, 0
950, 77, 371, 789, 1, 0, 14.97%, 0, 0, 23, 18165.05, 16319397, 1012, 0, 0
955, 77, 788, 789, 0, 0, 14.97%, 0, 0, 23, 2218.05, 16369958, 1012, 0, 0
960, 78, 28, 789, 0, 0, 14.97%, 0, 0, 23, 14331.56, 16442742, 1012, 0, 0
965, 78, 286, 793, 1, 0, 14.97%, 0, 0, 23, 15270.57, 16518568, 1012, 0, 0
970, 78, 790, 793, 0, 0, 14.97%, 0, 0, 23, 14293.87, 16581188, 1012, 0, 0
976, 78, 250, 794, 1, 0, 14.97%, 0, 0, 23, 15170.91, 16642994, 1012, 0, 0
981, 78, 264, 794, 1, 0, 14.97%, 0, 0, 23, 13866.55, 16713425, 1012, 0, 0
986, 78, 774, 794, 1, 0, 14.97%, 0, 0, 23, 14303.28, 16773280, 1012, 0, 0
991, 79, 85, 794, 0, 0, 14.97%, 0, 0, 23, 14448.66, 16845904, 1012, 0, 0
996, 79, 436, 794, 0, 0, 14.97%, 0, 0, 23, 13135.88, 16911034, 1012, 0, 0
996, 79, 301, 794, 0, 0, 14.97%, 0, 0, 23, 0.00, 16917958, 1012, 0, 0
1001, 79, 190, 794, 0, 0, 14.97%, 0, 0, 23, 14362.05, 16985383, 1012, 0, 0
1006, 79, 531, 794, 0, 0, 14.97%, 0, 0, 23, 12718.80, 17046950, 1012, 0, 0
1011, 79, 251, 794, 0, 0, 14.97%, 0, 0, 23, 13686.98, 17118173, 1012, 0, 0
1016, 79, 588, 794, 0, 0, 14.97%, 0, 0, 23, 13410.38, 17186998, 1012, 0, 0
1021, 80, 595, 794, 0, 0, 14.97%, 0, 0, 23, 13116.31, 17256181, 1012, 0, 0
1027, 80, 687, 794, 0, 0, 14.97%, 0, 0, 23, 14301.54, 17331863, 1012, 0, 0
1032, 80, 45, 795, 1, 0, 14.97%, 0, 0, 23, 13394.49, 17409463, 1012, 0, 0
1037, 80, 292, 795, 1, 0, 14.97%, 0, 0, 23, 14341.25, 17470602, 1012, 0, 0
1042, 80, 28, 795, 0, 0, 14.97%, 0, 0, 23, 13767.34, 17538525, 1012, 0, 0
1047, 80, 232, 795, 0, 0, 14.97%, 0, 0, 23, 11876.75, 17594069, 1012, 0, 0
1052, 81, 689, 796, 1, 0, 14.97%, 0, 0, 23, 13736.57, 17666962, 1012, 0, 0
1057, 81, 123, 797, 0, 0, 14.97%, 0, 0, 23, 13716.47, 17739333, 1012, 0, 0
1063, 81, 611, 798, 1, 0, 14.97%, 0, 0, 23, 9232.67, 17806178, 1012, 0, 0
1068, 81, 129, 798, 0, 0, 14.97%, 0, 0, 23, 11030.85, 17865056, 1012, 0, 0
1073, 81, 220, 798, 0, 0, 14.97%, 0, 0, 23, 12979.47, 17931128, 1012, 0, 0
1078, 81, 588, 798, 0, 0, 14.97%, 0, 0, 23, 14569.17, 18006932, 1012, 0, 0
1083, 82, 342, 798, 0, 0, 14.97%, 0, 0, 23, 15216.47, 18083824, 1012, 0, 0
1088, 82, 760, 798, 0, 0, 14.97%, 0, 0, 23, 13893.06, 18151575, 1012, 0, 0
1093, 82, 264, 798, 0, 0, 14.97%, 0, 0, 23, 18598.80, 18232582, 1012, 0, 0
1098, 82, 156, 799, 1, 0, 14.97%, 0, 0, 23, 8781.16, 18294899, 1012, 0, 0
1103, 82, 39, 799, 0, 0, 14.97%, 0, 0, 23, 13272.94, 18366659, 1012, 0, 0
1108, 83, 208, 799, 0, 0, 14.97%, 0, 0, 23, 14496.02, 18439173, 1012, 0, 0
1113, 83, 690, 799, 0, 0, 14.97%, 0, 0, 23, 14495.88, 18509688, 1012, 0, 0
1118, 83, 196, 799, 0, 0, 14.97%, 0, 0, 23, 15322.59, 18584681, 1012, 0, 0
1123, 83, 52, 799, 0, 0, 14.97%, 0, 0, 23, 11605.51, 18641307, 1012, 0, 0
1123, 83, 649, 799, 0, 0, 14.97%, 0, 0, 23, 0.00, 18642140, 1012, 0, 0
1128, 83, 667, 799, 0, 0, 14.97%, 0, 0, 23, 12747.14, 18706633, 1012, 0, 0
1133, 83, 127, 799, 0, 0, 14.97%, 0, 0, 23, 15293.41, 18785067, 1012, 0, 0
1138, 84, 647, 799, 0, 0, 14.97%, 0, 0, 23, 13383.15, 18855646, 1012, 0, 0
1143, 84, 549, 799, 0, 0, 14.97%, 0, 0, 23, 13757.98, 18927209, 1012, 0, 0
1149, 84, 774, 801, 2, 0, 14.97%, 0, 0, 23, 12300.93, 18987805, 1012, 0, 0
1154, 84, 800, 801, 2, 0, 14.97%, 0, 0, 23, 737.52, 19044348, 1012, 0, 0
1159, 84, 801, 802, 2, 0, 14.97%, 0, 0, 24, 584.70, 19053328, 1012, 0, 0
1164, 84, 621, 802, 0, 0, 14.97%, 0, 0, 24, 13418.99, 19131938, 1012, 0, 0
1169, 84, 96, 802, 0, 0, 14.97%, 0, 0, 24, 14415.22, 19212558, 1012, 0, 0
1174, 85, 696, 802, 0, 0, 14.97%, 0, 0, 24, 15396.73, 19291314, 1012, 0, 0
1179, 85, 123, 803, 0, 0, 14.97%, 0, 0, 24, 18155.00, 19322677, 1012, 0, 0
1184, 85, 685, 803, 0, 0, 14.97%, 0, 0, 24, 13639.22, 19387288, 1012, 0, 0
1190, 85, 588, 803, 0, 0, 14.97%, 0, 0, 24, 9936.64, 19449561, 1012, 0, 0
1195, 85, 797, 803, 0, 0, 14.97%, 0, 0, 24, 12977.67, 19516229, 1012, 0, 0
1200, 85, 663, 803, 0, 0, 14.97%, 0, 0, 24, 15034.72, 19593805, 1012, 0, 0
1205, 86, 673, 803, 0, 0, 14.97%, 0, 0, 24, 15915.42, 19674361, 1012, 0, 0
1210, 86, 276, 803, 0, 0, 14.97%, 0, 0, 24, 16173.92, 19756195, 1012, 0, 0
1215, 86, 631, 803, 0, 0, 14.97%, 0, 0, 24, 15589.02, 19833739, 1012, 0, 0
1220, 86, 716, 803, 0, 0, 14.97%, 0, 0, 24, 14864.04, 19918449, 1012, 0, 0
1225, 86, 666, 803, 0, 0, 14.97%, 0, 0, 24, 17106.55, 20007091, 1012, 0, 0
1231, 86, 803, 805, 2, 0, 14.97%, 0, 0, 24, 534.88, 20046466, 1012, 0, 0
1236, 86, 803, 811, 8, 0, 14.97%, 0, 0, 24, 574.22, 20049293, 1012, 0, 0
1241, 86, 803, 811, 8, 0, 14.97%, 0, 0, 24, 675.03, 20052794, 1012, 0, 0
1246, 86, 806, 811, 7, 0, 14.97%, 0, 0, 24, 545.54, 20058803, 1012, 0, 0
1251, 86, 807, 811, 5, 0, 14.97%, 0, 0, 24, 549.55, 20062514, 1012, 0, 0
1256, 86, 805, 812, 5, 0, 14.97%, 0, 0, 24, 610.39, 20093823, 1012, 0, 0
1261, 86, 809, 812, 4, 0, 14.97%, 0, 0, 24, 507.55, 20105706, 1012, 0, 0
1266, 87, 808, 812, 2, 0, 14.97%, 0, 0, 24, 648.91, 20133670, 1012, 0, 0
1271, 87, 810, 812, 1, 0, 14.97%, 0, 0, 24, 449.68, 20147022, 1012, 0, 0
1277, 87, 800, 812, 0, 0, 14.97%, 0, 0, 24, 6041.48, 20186691, 1012, 0, 0
1282, 87, 811, 812, 0, 0, 14.97%, 0, 0, 24, 11815.21, 20234963, 1012, 0, 0
1287, 87, 140, 812, 0, 0, 14.97%, 0, 0, 24, 9370.40, 20302819, 1012, 0, 0
1292, 87, 673, 812, 0, 0, 14.97%, 0, 0, 24, 15049.11, 20367776, 1012, 0, 0
1297, 87, 636, 812, 0, 0, 14.97%, 0, 0, 24, 17720.67, 20460807, 1012, 0, 0
1302, 87, 810, 813, 0, 0, 14.97%, 0, 0, 24, 3054.63, 20520967, 1012, 0, 0
1307, 87, 415, 813, 0, 0, 14.97%, 0, 0, 24, 9797.47, 20587128, 1012, 0, 0
1312, 88, 549, 813, 0, 0, 14.97%, 0, 0, 24, 12659.98, 20665371, 1012, 0, 0
1317, 88, 718, 813, 0, 0, 14.97%, 0, 0, 24, 11450.45, 20720668, 1012, 0, 0
1322, 88, 444, 813, 0, 0, 14.97%, 0, 0, 24, 16948.04, 20772722, 1012, 0, 0
1328, 88, 418, 813, 0, 0, 14.97%, 0, 0, 24, 6781.65, 20799921, 1012, 0, 0
1333, 88, 276, 815, 1, 0, 14.97%, 0, 0, 24, 13376.06, 20877664, 1012, 0, 0
1338, 88, 732, 816, 0, 0, 14.97%, 0, 0, 24, 12683.80, 20930674, 1012, 0, 0
1343, 88, 305, 816, 0, 0, 14.97%, 0, 0, 24, 12709.11, 20989657, 1012, 0, 0
1348, 88, 453, 816, 0, 0, 14.97%, 0, 0, 24, 19466.56, 21083663, 1012, 0, 0
1353, 89, 631, 816, 0, 0, 14.97%, 0, 0, 24, 15813.64, 21158161, 1012, 0, 0
1358, 89, 513, 817, 1, 0, 14.97%, 0, 0, 24, 15067.31, 21222185, 1012, 0, 0
1364, 89, 807, 817, 1, 0, 14.97%, 0, 0, 24, 14903.44, 21299529, 1012, 0, 0
1369, 89, 339, 817, 1, 0, 14.97%, 0, 0, 24, 11871.22, 21350135, 1012, 0, 0
1374, 89, 816, 818, 2, 0, 14.97%, 0, 0, 24, 2988.27, 21401607, 1012, 0, 0
1379, 89, 248, 819, 1, 0, 14.97%, 0, 0, 24, 18294.41, 21472085, 1012, 0, 0
1384, 89, 191, 820, 1, 0, 14.97%, 0, 0, 24, 19732.60, 21535425, 1012, 0, 0
1389, 89, 819, 821, 2, 0, 14.97%, 0, 0, 24, 1680.00, 21576358, 1012, 0, 0
1394, 89, 205, 822, 2, 0, 14.97%, 0, 0, 24, 11450.47, 21625743, 1012, 0, 0
1400, 89, 221, 823, 1, 0, 14.97%, 0, 0, 24, 15565.00, 21646683, 1012, 0, 0
1405, 90, 816, 823, 0, 0, 14.97%, 0, 0, 24, 13240.07, 21713386, 1012, 0, 0
1410, 90, 235, 823, 0, 0, 14.97%, 0, 0, 24, 14365.04, 21784372, 1012, 0, 0
1409, 90, 690, 823, 0, 0, 14.97%, 0, 0, 24, 0.00, 21789946, 1012, 0, 0
1415, 90, 729, 823, 0, 0, 14.97%, 0, 0, 24, 13293.38, 21861192, 1012, 0, 0
1420, 90, 676, 823, 0, 0, 14.97%, 0, 0, 24, 2200.00, 21925704, 1012, 0, 0
1425, 90, 421, 823, 0, 0, 14.97%, 0, 0, 24, 11649.21, 21993870, 1012, 0, 0
1430, 90, 418, 823, 0, 0, 14.97%, 0, 0, 24, 13741.32, 22068154, 1012, 0, 0
1435, 90, 818, 823, 0, 0, 14.97%, 0, 0, 24, 2066.47, 22123541, 1012, 0, 0
1440, 90, 588, 823, 0, 0, 14.97%, 0, 0, 24, 12264.86, 22194156, 1012, 0, 0
1445, 91, 824, 825, 2, 0, 14.97%, 0, 0, 24, 1854.48, 22262201, 1012, 0, 0
1450, 91, 743, 827, 2, 0, 14.97%, 0, 0, 24, 11567.66, 22308958, 1012, 0, 0
1455, 91, 805, 827, 2, 0, 14.97%, 0, 0, 24, 13494.33, 22377762, 1012, 0, 0
1461, 91, 809, 827, 1, 0, 14.97%, 0, 0, 24, 540.54, 22420559, 1012, 0, 0
1464, 91, 200, 827, 0, 0, 14.97%, 0, 0, 24, 11459.84, 22461175, 1012, 0, 0
