# relative_time, cycles_done, cur_item, corpus_count, pending_total, pending_favs, map_size, saved_crashes, saved_hangs, max_depth, execs_per_sec, total_execs, edges_found
60, 0, 171, 265, 209, 35, 28.22%, 0, 0, 3, 7224.47, 533684, 2123
66, 0, 176, 281, 222, 31, 28.92%, 0, 0, 3, 9254.41, 578181, 2176
71, 0, 176, 282, 223, 31, 28.92%, 0, 0, 3, 7191.83, 614335, 2176
76, 0, 187, 287, 223, 38, 28.99%, 0, 0, 3, 7331.96, 649973, 2181
81, 0, 208, 294, 223, 31, 28.99%, 0, 0, 3, 7501.55, 693113, 2181
86, 0, 237, 302, 224, 26, 29.12%, 0, 0, 4, 7174.16, 728797, 2191
91, 0, 262, 307, 223, 22, 29.14%, 0, 0, 4, 6785.56, 762261, 2192
96, 0, 270, 311, 221, 16, 29.14%, 0, 0, 4, 7309.59, 801414, 2192
101, 0, 278, 319, 224, 12, 29.68%, 0, 0, 4, 8148.29, 841986, 2233
106, 0, 278, 322, 227, 12, 29.68%, 0, 0, 4, 7422.01, 882179, 2233
111, 0, 295, 327, 229, 14, 29.79%, 0, 0, 4, 6390.01, 926430, 2241
117, 0, 307, 328, 227, 11, 29.79%, 0, 0, 5, 5967.26, 957150, 2241
122, 0, 315, 335, 232, 9, 30.31%, 0, 0, 5, 8314.81, 1002273, 2280
127, 0, 315, 335, 232, 9, 30.31%, 0, 0, 5, 6485.56, 1032374, 2280
132, 0, 323, 338, 232, 8, 30.31%, 0, 0, 5, 6504.32, 1064919, 2280
137, 0, 323, 345, 239, 8, 30.31%, 0, 0, 5, 7702.25, 1109323, 2280
142, 0, 330, 348, 240, 7, 30.31%, 0, 0, 5, 6843.00, 1149439, 2280
147, 0, 334, 352, 243, 6, 30.60%, 0, 0, 6, 6907.63, 1185529, 2302
152, 0, 342, 356, 246, 7, 30.60%, 0, 0, 6, 6739.46, 1222670, 2302
157, 0, 349, 363, 251, 7, 30.60%, 0, 0, 7, 8625.95, 1264849, 2302
162, 0, 349, 363, 251, 7, 30.60%, 0, 0, 7, 6813.87, 1296847, 2302
167, 0, 352, 364, 250, 5, 30.60%, 0, 0, 7, 6674.51, 1330078, 2302
172, 0, 365, 368, 251, 4, 30.60%, 0, 0, 8, 6527.88, 1363603, 2302
171, 1, 31, 369, 251, 3, 30.60%, 0, 0, 8, 0.00, 1367734, 2302
177, 1, 147, 370, 246, 0, 30.60%, 0, 0, 8, 7094.55, 1405011, 2302
182, 2, 215, 410, 281, 8, 30.64%, 0, 0, 8, 6487.97, 1438592, 2305
187, 2, 373, 412, 281, 8, 30.64%, 0, 0, 8, 7509.24, 1476670, 2305
192, 2, 395, 413, 277, 4, 30.64%, 0, 0, 8, 7423.24, 1514589, 2305
197, 2, 415, 417, 277, 0, 30.64%, 0, 0, 8, 7751.79, 1554128, 2305
202, 3, 27, 422, 279, 0, 30.64%, 0, 0, 8, 7301.64, 1589906, 2305
207, 3, 40, 423, 278, 0, 30.64%, 0, 0, 8, 7041.19, 1636284, 2305
212, 3, 41, 423, 278, 0, 30.64%, 0, 0, 8, 6924.11, 1672918, 2305
217, 3, 47, 424, 279, 0, 30.64%, 0, 0, 8, 7263.81, 1709646, 2305
222, 3, 49, 424, 278, 0, 30.64%, 0, 0, 8, 7519.78, 1747760, 2305
227, 3, 50, 424, 278, 0, 30.64%, 0, 0, 8, 6509.06, 1779922, 2305
232, 3, 52, 424, 278, 0, 30.64%, 0, 0, 8, 7058.13, 1815770, 2305
237, 3, 56, 424, 278, 0, 30.64%, 0, 0, 8, 7619.77, 1865140, 2305
242, 3, 59, 424, 278, 0, 30.64%, 0, 0, 8, 6562.63, 1897588, 2305
247, 3, 80, 424, 272, 0, 30.64%, 0, 0, 8, 7031.66, 1934132, 2305
253, 3, 99, 424, 267, 0, 30.64%, 0, 0, 8, 6978.94, 1971253, 2305
258, 3, 109, 425, 267, 0, 30.64%, 0, 0, 8, 7216.73, 2010310, 2305
263, 3, 124, 425, 266, 0, 30.64%, 0, 0, 8, 7451.81, 2046920, 2305
268, 3, 149, 426, 264, 0, 30.64%, 0, 0, 8, 7766.66, 2094833, 2305
273, 3, 151, 426, 264, 0, 30.64%, 0, 0, 8, 7356.42, 2131331, 2305
278, 3, 164, 426, 261, 0, 30.64%, 0, 0, 8, 7369.26, 2169000, 2305
283, 3, 171, 426, 259, 0, 30.64%, 0, 0, 8, 6834.53, 2204870, 2305
288, 3, 180, 426, 258, 0, 30.64%, 0, 0, 8, 6582.01, 2239495, 2305
293, 3, 187, 427, 258, 0, 30.64%, 0, 0, 8, 6253.13, 2268263, 2305
298, 3, 211, 429, 257, 0, 30.64%, 0, 0, 8, 6614.43, 2314463, 2305
303, 3, 236, 429, 254, 0, 30.64%, 0, 0, 8, 6469.72, 2347304, 2305
309, 3, 248, 429, 251, 0, 30.64%, 0, 0, 8, 6602.82, 2381510, 2305
314, 3, 265, 429, 249, 0, 30.64%, 0, 0, 8, 6684.78, 2415892, 2305
319, 3, 285, 429, 247, 0, 30.64%, 0, 0, 8, 6552.50, 2448865, 2305
324, 3, 299, 429, 245, 0, 30.64%, 0, 0, 8, 6555.82, 2482778, 2305
329, 3, 316, 429, 242, 0, 30.64%, 0, 0, 8, 5828.93, 2523594, 2305
334, 3, 321, 429, 241, 0, 30.64%, 0, 0, 8, 6266.34, 2556070, 2305
339, 3, 325, 430, 241, 0, 30.64%, 0, 0, 8, 6809.53, 2591088, 2305
344, 3, 348, 430, 239, 0, 30.64%, 0, 0, 8, 6754.81, 2625668, 2305
349, 3, 350, 430, 238, 0, 30.64%, 0, 0, 8, 6715.94, 2660764, 2305
354, 3, 357, 431, 238, 0, 30.64%, 0, 0, 8, 6672.89, 2694463, 2305
359, 3, 362, 432, 236, 0, 30.64%, 0, 0, 8, 6758.25, 2728423, 2305
358, 3, 362, 432, 236, 0, 30.64%, 0, 0, 8, 0.00, 2729575, 2305
363, 3, 370, 433, 234, 0, 30.64%, 0, 0, 8, 6493.05, 2762640, 2305
368, 3, 393, 436, 235, 0, 30.64%, 0, 0, 8, 6902.76, 2798223, 2305
373, 3, 411, 437, 234, 0, 30.64%, 0, 0, 8, 6912.49, 2832553, 2305
378, 3, 421, 438, 234, 0, 30.64%, 0, 0, 8, 6640.67, 2865922, 2305
383, 3, 431, 438, 231, 0, 30.64%, 0, 0, 8, 6336.06, 2897676, 2305
388, 3, 431, 441, 234, 0, 30.64%, 0, 0, 9, 7350.42, 2939766, 2305
393, 3, 438, 442, 233, 0, 30.64%, 0, 0, 9, 6765.78, 2983295, 2305
398, 3, 438, 443, 234, 0, 30.64%, 0, 0, 10, 6659.50, 3018646, 2305
404, 3, 442, 444, 233, 0, 30.64%, 0, 0, 11, 6906.20, 3052878, 2305
409, 4, 3, 454, 242, 0, 30.64%, 0, 0, 11, 6648.48, 3086911, 2305
414, 4, 8, 455, 240, 0, 30.64%, 0, 0, 11, 6187.27, 3117815, 2305
419, 4, 35, 455, 236, 0, 30.64%, 0, 0, 11, 6100.04, 3147786, 2305
424, 4, 40, 456, 234, 0, 30.64%, 0, 0, 11, 6440.39, 3189580, 2305
429, 4, 41, 456, 234, 0, 30.64%, 0, 0, 11, 6369.57, 3220329, 2305
434, 4, 44, 456, 234, 0, 30.64%, 0, 0, 11, 6377.01, 3251573, 2305
439, 4, 46, 456, 234, 0, 30.64%, 0, 0, 11, 7440.91, 3291688, 2305
444, 4, 49, 456, 234, 0, 30.64%, 0, 0, 11, 7991.26, 3332033, 2305
449, 4, 50, 456, 234, 0, 30.64%, 0, 0, 11, 7658.20, 3369208, 2305
454, 4, 53, 456, 234, 0, 30.64%, 0, 0, 11, 8230.46, 3422384, 2305
460, 4, 56, 456, 234, 0, 30.64%, 0, 0, 11, 7652.61, 3461764, 2305
465, 4, 76, 456, 234, 0, 30.64%, 0, 0, 11, 7445.60, 3498088, 2305
470, 4, 101, 456, 230, 0, 30.64%, 0, 0, 11, 7763.28, 3537295, 2305
475, 4, 115, 456, 230, 0, 30.64%, 0, 0, 11, 7274.04, 3572841, 2305
480, 4, 135, 456, 226, 0, 30.64%, 0, 0, 11, 7061.31, 3609030, 2305
485, 4, 149, 456, 224, 0, 30.64%, 0, 0, 11, 8767.49, 3654177, 2305
490, 4, 153, 456, 223, 0, 30.64%, 0, 0, 11, 7345.30, 3688783, 2305
495, 4, 171, 456, 223, 0, 30.64%, 0, 0, 11, 7518.25, 3726332, 2305
500, 4, 178, 456, 222, 0, 30.64%, 0, 0, 11, 6797.84, 3760600, 2305
505, 4, 188, 456, 221, 0, 30.64%, 0, 0, 11, 6875.31, 3794013, 2305
510, 4, 199, 456, 218, 0, 30.64%, 0, 0, 11, 6744.95, 3828217, 2305
515, 4, 231, 457, 215, 0, 30.64%, 0, 0, 11, 6573.29, 3873077, 2305
520, 4, 242, 457, 213, 0, 30.64%, 0, 0, 11, 5773.57, 3902315, 2305
525, 4, 251, 457, 210, 0, 30.64%, 0, 0, 11, 5470.49, 3929834, 2305
530, 4, 265, 457, 207, 0, 30.64%, 0, 0, 11, 5659.26, 3957913, 2305
535, 4, 282, 457, 205, 0, 30.64%, 0, 0, 11, 5439.37, 3985210, 2305
540, 4, 297, 457, 204, 0, 30.64%, 0, 0, 11, 5268.95, 4011543, 2305
546, 4, 311, 457, 203, 0, 30.64%, 0, 0, 11, 4688.91, 4034321, 2305
544, 4, 311, 457, 203, 0, 30.64%, 0, 0, 11, 0.00, 4035759, 2305
550, 4, 316, 457, 201, 0, 30.64%, 0, 0, 11, 5096.49, 4061925, 2305
555, 4, 322, 457, 200, 0, 30.64%, 0, 0, 11, 5850.52, 4093095, 2305
560, 4, 330, 457, 199, 0, 30.64%, 0, 0, 11, 6377.99, 4125691, 2305
565, 4, 349, 457, 197, 0, 30.64%, 0, 0, 11, 6547.45, 4158642, 2305
570, 4, 354, 457, 197, 0, 30.64%, 0, 0, 11, 6314.11, 4189940, 2305
575, 4, 367, 457, 195, 0, 30.64%, 0, 0, 11, 6307.48, 4222461, 2305
580, 4, 371, 458, 194, 0, 30.64%, 0, 0, 11, 6341.02, 4263138, 2305
585, 4, 387, 460, 194, 0, 30.64%, 0, 0, 11, 6615.23, 4297995, 2305
590, 4, 401, 461, 193, 0, 30.64%, 0, 0, 11, 6408.60, 4329785, 2305
595, 4, 403, 461, 192, 0, 30.64%, 0, 0, 11, 5930.51, 4358955, 2305
600, 4, 412, 464, 193, 0, 30.64%, 0, 0, 11, 6232.21, 4390654, 2305
606, 4, 412, 473, 202, 0, 30.64%, 0, 0, 11, 7138.99, 4432175, 2305
611, 4, 419, 478, 206, 0, 30.64%, 0, 0, 11, 6452.52, 4470758, 2305
616, 4, 419, 479, 207, 0, 30.64%, 0, 0, 11, 6367.91, 4505058, 2305
621, 4, 424, 481, 208, 0, 30.64%, 0, 0, 11, 6290.59, 4536201, 2305
626, 4, 429, 482, 208, 0, 30.64%, 0, 0, 11, 6172.00, 4567488, 2305
631, 4, 440, 485, 209, 0, 30.64%, 0, 0, 11, 6649.85, 4601458, 2305
636, 4, 452, 488, 210, 0, 30.64%, 0, 0, 11, 6845.65, 4635274, 2305
641, 4, 460, 495, 214, 0, 30.64%, 0, 0, 11, 8966.14, 4689099, 2305
646, 4, 460, 496, 215, 0, 30.64%, 0, 0, 11, 8498.41, 4734022, 2305
651, 4, 462, 497, 215, 0, 30.64%, 0, 0, 11, 7980.00, 4775105, 2305
656, 4, 466, 497, 214, 0, 30.64%, 0, 0, 11, 7463.62, 4811701, 2305
661, 4, 477, 497, 211, 0, 30.64%, 0, 0, 11, 6189.83, 4843818, 2305
667, 4, 486, 503, 216, 0, 30.64%, 0, 0, 11, 8205.68, 4887056, 2305
672, 4, 488, 504, 216, 0, 30.64%, 0, 0, 11, 8043.09, 4937208, 2305
677, 4, 491, 505, 215, 0, 30.64%, 0, 0, 11, 7900.68, 4973309, 2305
682, 4, 498, 505, 212, 0, 30.64%, 0, 0, 11, 7018.69, 5009452, 2305
687, 4, 498, 509, 216, 0, 30.64%, 0, 0, 12, 8128.26, 5055078, 2305
692, 4, 498, 509, 216, 0, 30.64%, 0, 0, 12, 7712.15, 5094217, 2305
697, 4, 499, 509, 215, 0, 30.64%, 0, 0, 12, 7896.28, 5133346, 2305
702, 4, 502, 509, 214, 0, 30.64%, 0, 0, 12, 7011.89, 5181843, 2305
707, 4, 502, 509, 214, 0, 30.64%, 0, 0, 12, 7601.58, 5221958, 2305
712, 4, 507, 511, 215, 0, 30.64%, 0, 0, 13, 8625.37, 5263870, 2305
717, 4, 507, 511, 215, 0, 30.64%, 0, 0, 13, 8046.53, 5306350, 2305
722, 4, 507, 511, 215, 0, 30.64%, 0, 0, 13, 7685.22, 5344192, 2305
727, 5, 447, 529, 231, 2, 30.64%, 0, 0, 13, 8236.82, 5385178, 2305
732, 5, 513, 531, 231, 1, 30.64%, 0, 0, 13, 7681.36, 5433943, 2305
738, 5, 520, 531, 230, 0, 30.64%, 0, 0, 13, 7394.74, 5471955, 2305
743, 5, 523, 533, 230, 0, 30.64%, 0, 0, 13, 7617.24, 5511748, 2305
748, 5, 528, 540, 236, 0, 30.64%, 0, 0, 13, 7907.17, 5551623, 2305
753, 5, 530, 541, 236, 0, 30.64%, 0, 0, 13, 7679.27, 5589711, 2305
758, 5, 533, 542, 236, 0, 30.64%, 0, 0, 13, 6494.01, 5621850, 2305
763, 5, 538, 543, 235, 0, 30.64%, 0, 0, 13, 7468.21, 5663279, 2305
768, 5, 540, 544, 235, 0, 30.64%, 0, 0, 13, 6973.48, 5697902, 2305
773, 6, 34, 548, 235, 0, 30.64%, 0, 0, 13, 6866.29, 5732284, 2305
778, 6, 40, 549, 235, 0, 30.64%, 0, 0, 13, 7373.81, 5771276, 2305
783, 6, 41, 549, 235, 0, 30.64%, 0, 0, 13, 7682.60, 5809921, 2305
788, 6, 46, 549, 233, 0, 30.64%, 0, 0, 13, 7492.44, 5847912, 2305
793, 6, 49, 550, 234, 0, 30.64%, 0, 0, 13, 7807.26, 5899048, 2305
798, 6, 49, 550, 234, 0, 30.64%, 0, 0, 13, 7225.13, 5935162, 2305
804, 6, 52, 550, 233, 0, 30.64%, 0, 0, 13, 7850.12, 5976444, 2305
809, 6, 53, 550, 233, 0, 30.64%, 0, 0, 13, 7771.31, 6014740, 2305
814, 6, 60, 551, 234, 0, 30.64%, 0, 0, 13, 7014.00, 6049927, 2305
819, 6, 80, 551, 232, 0, 30.64%, 0, 0, 13, 7338.80, 6087680, 2305
824, 6, 108, 551, 231, 0, 30.64%, 0, 0, 13, 7837.35, 6127307, 2305
823, 6, 110, 551, 231, 0, 30.64%, 0, 0, 13, 0.00, 6134230, 2305
828, 6, 127, 552, 232, 0, 30.64%, 0, 0, 13, 8245.86, 6174447, 2305
833, 6, 149, 552, 230, 0, 30.64%, 0, 0, 13, 7846.36, 6214016, 2305
838, 6, 157, 552, 229, 0, 30.64%, 0, 0, 13, 7872.70, 6251609, 2305
843, 6, 173, 552, 229, 0, 30.64%, 0, 0, 13, 7846.35, 6290707, 2305
848, 6, 184, 552, 228, 0, 30.64%, 0, 0, 13, 7601.97, 6329448, 2305
853, 6, 201, 552, 227, 0, 30.64%, 0, 0, 13, 7779.70, 6367808, 2305
859, 6, 236, 552, 222, 0, 30.64%, 0, 0, 13, 7921.14, 6418562, 2305
864, 6, 265, 553, 222, 0, 30.64%, 0, 0, 13, 7644.99, 6455288, 2305
869, 6, 295, 553, 220, 0, 30.64%, 0, 0, 13, 7485.31, 6492869, 2305
874, 6, 316, 553, 219, 0, 30.64%, 0, 0, 13, 7864.54, 6533001, 2305
879, 6, 325, 553, 219, 0, 30.64%, 0, 0, 13, 7773.22, 6571446, 2305
884, 6, 349, 553, 217, 0, 30.64%, 0, 0, 13, 7053.59, 6608416, 2305
889, 6, 370, 553, 216, 0, 30.64%, 0, 0, 13, 1878.62, 6642871, 2305
894, 6, 382, 554, 215, 0, 30.64%, 0, 0, 13, 6498.37, 6680679, 2305
899, 6, 395, 554, 213, 0, 30.64%, 0, 0, 13, 7067.50, 6717894, 2305
904, 6, 410, 554, 212, 0, 30.64%, 0, 0, 13, 7090.23, 6754692, 2305
910, 6, 423, 555, 212, 0, 30.64%, 0, 0, 13, 6965.85, 6790627, 2305
915, 6, 423, 556, 213, 0, 30.64%, 0, 0, 13, 6697.57, 6824685, 2305
920, 6, 423, 557, 214, 0, 30.64%, 0, 0, 13, 7213.52, 6866735, 2305
925, 6, 432, 557, 213, 0, 30.64%, 0, 0, 13, 7395.71, 6903977, 2305
930, 6, 444, 557, 211, 0, 30.64%, 0, 0, 13, 6846.14, 6939003, 2305
935, 6, 458, 558, 209, 0, 30.64%, 0, 0, 13, 6847.62, 6972849, 2305
940, 6, 479, 558, 207, 0, 30.64%, 0, 0, 13, 7463.56, 7010541, 2305
945, 6, 487, 559, 207, 0, 30.64%, 0, 0, 13, 7191.34, 7046993, 2305
950, 6, 495, 560, 205, 0, 30.64%, 0, 0, 13, 8177.25, 7098156, 2305
955, 6, 497, 560, 204, 0, 30.64%, 0, 0, 13, 4646.49, 7131304, 2305
960, 6, 497, 560, 204, 0, 30.64%, 0, 0, 13, 6805.37, 7168827, 2305
965, 6, 505, 561, 204, 0, 30.64%, 0, 0, 13, 7764.39, 7208965, 2305
970, 6, 505, 561, 204, 0, 30.64%, 0, 0, 13, 7423.53, 7246201, 2305
975, 6, 506, 561, 203, 0, 30.64%, 0, 0, 13, 7456.27, 7282613, 2305
981, 6, 511, 561, 202, 0, 30.64%, 0, 0, 13, 7587.58, 7330077, 2305
986, 6, 526, 561, 201, 0, 30.64%, 0, 0, 13, 6831.11, 7365346, 2305
991, 6, 529, 561, 200, 0, 30.64%, 0, 0, 13, 7204.60, 7402906, 2305
996, 6, 549, 562, 199, 0, 30.64%, 0, 0, 13, 7816.29, 7444065, 2305
1001, 6, 551, 565, 201, 0, 30.64%, 0, 0, 13, 8525.82, 7488229, 2305
1006, 6, 560, 568, 203, 0, 30.64%, 0, 0, 14, 7446.14, 7523961, 2305
1011, 6, 560, 568, 203, 0, 30.64%, 0, 0, 14, 3162.83, 7565266, 2305
1016, 6, 562, 569, 202, 0, 30.64%, 0, 0, 14, 6778.73, 7604675, 2305
1022, 6, 565, 569, 201, 0, 30.64%, 0, 0, 14, 5738.52, 7635320, 2305
1027, 6, 565, 570, 202, 0, 30.64%, 0, 0, 15, 7208.88, 7673821, 2305
1032, 6, 566, 570, 201, 0, 30.64%, 0, 0, 15, 6630.93, 7709063, 2305
1037, 6, 566, 570, 201, 0, 30.64%, 0, 0, 15, 6397.99, 7738415, 2305
1042, 6, 568, 570, 200, 0, 30.64%, 0, 0, 15, 6850.06, 7786841, 2305
1047, 6, 570, 573, 202, 1, 30.64%, 0, 0, 15, 8933.52, 7830488, 2305
1052, 6, 570, 573, 202, 1, 30.64%, 0, 0, 15, 7930.67, 7869618, 2305
1057, 6, 571, 575, 203, 0, 30.64%, 0, 0, 15, 8316.37, 7911209, 2305
1062, 6, 571, 575, 203, 0, 30.64%, 0, 0, 15, 7335.59, 7947551, 2305
1067, 7, 20, 583, 209, 0, 30.64%, 0, 0, 15, 7563.57, 7986301, 2305
1072, 7, 37, 583, 207, 0, 30.64%, 0, 0, 15, 7510.23, 8024002, 2305
1072, 7, 37, 583, 207, 0, 30.64%, 0, 0, 15, 0.00, 8030052, 2305
1077, 7, 40, 583, 207, 0, 30.64%, 0, 0, 15, 6681.88, 8063653, 2305
1082, 7, 41, 583, 207, 0, 30.64%, 0, 0, 15, 7195.12, 8101075, 2305
1087, 7, 46, 583, 207, 0, 30.64%, 0, 0, 15, 6574.40, 8135110, 2305
1092, 7, 49, 583, 207, 0, 30.64%, 0, 0, 15, 7263.75, 8170018, 2305
1097, 7, 50, 583, 207, 0, 30.64%, 0, 0, 15, 7493.63, 8206135, 2305
1102, 7, 52, 583, 207, 0, 30.64%, 0, 0, 15, 7630.47, 8246564, 2305
1107, 7, 56, 583, 206, 0, 30.64%, 0, 0, 15, 7525.04, 8296716, 2305
1112, 7, 69, 583, 204, 0, 30.64%, 0, 0, 15, 7506.59, 8333902, 2305
1118, 7, 99, 583, 202, 0, 30.64%, 0, 0, 15, 7659.31, 8374437, 2305
1123, 7, 111, 583, 201, 0, 30.64%, 0, 0, 15, 7355.80, 8411379, 2305
1128, 7, 149, 583, 201, 0, 30.64%, 0, 0, 15, 7540.88, 8450435, 2305
1133, 7, 159, 583, 201, 0, 30.64%, 0, 0, 15, 7715.32, 8488637, 2305
1138, 7, 165, 583, 201, 0, 30.64%, 0, 0, 15, 7105.59, 8534056, 2305
1143, 7, 175, 583, 200, 0, 30.64%, 0, 0, 15, 7370.57, 8571417, 2305
1148, 7, 189, 584, 201, 0, 30.64%, 0, 0, 15, 7263.45, 8608212, 2305
1153, 7, 208, 585, 201, 0, 30.64%, 0, 0, 15, 7603.15, 8646655, 2305
1158, 7, 247, 585, 198, 0, 30.64%, 0, 0, 15, 7415.67, 8684816, 2305
1163, 7, 280, 585, 198, 0, 30.64%, 0, 0, 15, 6100.45, 8721439, 2305
1168, 7, 305, 585, 195, 0, 30.64%, 0, 0, 15, 7543.48, 8770895, 2305
1173, 7, 316, 585, 194, 0, 30.64%, 0, 0, 15, 6862.31, 8804943, 2305
1178, 7, 325, 585, 194, 0, 30.64%, 0, 0, 15, 7115.48, 8842875, 2305
1183, 7, 370, 585, 194, 0, 30.64%, 0, 0, 15, 7101.26, 8879560, 2305
1188, 7, 391, 586, 194, 0, 30.64%, 0, 0, 15, 6919.10, 8912185, 2305
1194, 7, 427, 586, 193, 0, 30.64%, 0, 0, 15, 7070.26, 8948646, 2305
1199, 7, 475, 587, 191, 0, 30.64%, 0, 0, 15, 7634.02, 8996881, 2305
1204, 7, 478, 587, 190, 0, 30.64%, 0, 0, 15, 7393.63, 9032593, 2305
1209, 7, 480, 587, 189, 0, 30.64%, 0, 0, 15, 7512.27, 9069771, 2305
1214, 7, 480, 588, 190, 0, 30.64%, 0, 0, 15, 7205.69, 9106959, 2305
1219, 7, 483, 591, 192, 0, 30.64%, 0, 0, 15, 8684.89, 9149954, 2305
1224, 7, 484, 591, 191, 0, 30.64%, 0, 0, 15, 7010.36, 9184711, 2305
1229, 7, 484, 591, 191, 0, 30.64%, 0, 0, 15, 7819.70, 9235177, 2305
1234, 7, 500, 591, 190, 0, 30.64%, 0, 0, 15, 7652.94, 9273311, 2305
1239, 7, 500, 591, 190, 0, 30.64%, 0, 0, 15, 7289.81, 9308583, 2305
1244, 7, 501, 591, 189, 0, 30.64%, 0, 0, 15, 7524.02, 9347270, 2305
1249, 7, 510, 591, 188, 0, 30.64%, 0, 0, 15, 6756.52, 9382242, 2305
1255, 7, 510, 591, 188, 0, 30.64%, 0, 0, 15, 7195.12, 9417685, 2305
1260, 7, 511, 591, 187, 0, 30.64%, 0, 0, 15, 7455.34, 9450597, 2305
1265, 7, 527, 591, 186, 0, 30.64%, 0, 0, 15, 6862.25, 9485310, 2305
1270, 7, 539, 592, 186, 0, 30.64%, 0, 0, 15, 934.64, 9514289, 2305
1275, 7, 548, 593, 185, 0, 30.64%, 0, 0, 15, 6613.73, 9547897, 2305
1280, 7, 548, 594, 186, 0, 30.64%, 0, 0, 15, 7189.13, 9585086, 2305
1285, 7, 559, 594, 184, 0, 30.64%, 0, 0, 15, 6600.11, 9617874, 2305
1291, 7, 567, 594, 183, 0, 30.64%, 0, 0, 15, 4192.83, 9659501, 2305
1296, 7, 568, 594, 182, 0, 30.64%, 0, 0, 15, 6704.72, 9696927, 2305
1301, 7, 574, 598, 186, 0, 30.64%, 0, 0, 15, 7540.52, 9734110, 2305
1306, 7, 574, 598, 186, 0, 30.64%, 0, 0, 15, 7776.28, 9778401, 2305
1311, 7, 574, 598, 186, 0, 30.64%, 0, 0, 15, 7229.42, 9813438, 2305
1316, 7, 592, 599, 186, 0, 30.64%, 0, 0, 15, 7334.90, 9851504, 2305
1321, 8, 6, 648, 234, 0, 31.24%, 0, 0, 15, 7122.28, 9892919, 2350
1326, 8, 14, 649, 235, 1, 31.24%, 0, 0, 15, 6844.40, 9927764, 2350
1331, 8, 539, 649, 235, 1, 31.24%, 0, 0, 15, 7276.28, 9961471, 2350
1336, 8, 539, 649, 235, 1, 31.24%, 0, 0, 15, 6074.60, 9991545, 2350
1341, 8, 600, 650, 236, 1, 31.24%, 0, 0, 15, 6567.58, 10025063, 2350
1346, 8, 600, 650, 236, 1, 31.24%, 0, 0, 15, 5691.96, 10053023, 2350
1351, 8, 601, 650, 235, 0, 31.24%, 0, 0, 15, 5912.09, 10084355, 2350
1350, 8, 601, 650, 235, 0, 31.24%, 0, 0, 15, 0.00, 10084945, 2350
1355, 8, 604, 650, 234, 0, 31.24%, 0, 0, 15, 4485.40, 10110607, 2350
1360, 8, 604, 650, 234, 0, 31.24%, 0, 0, 15, 4807.32, 10134293, 2350
1366, 8, 605, 650, 233, 0, 31.24%, 0, 0, 15, 4865.36, 10158028, 2350
1371, 8, 613, 650, 231, 0, 31.24%, 0, 0, 15, 4175.08, 10176944, 2350
1376, 8, 614, 650, 230, 0, 31.24%, 0, 0, 15, 5820.87, 10205824, 2350
1381, 8, 617, 651, 230, 0, 31.24%, 0, 0, 15, 5565.80, 10235142, 2350
1386, 8, 619, 652, 230, 0, 31.24%, 0, 0, 15, 2636.53, 10265655, 2350
1391, 8, 629, 652, 228, 0, 31.24%, 0, 0, 15, 3642.12, 10285065, 2350
1396, 8, 639, 653, 227, 0, 31.24%, 0, 0, 15, 545.43, 10302770, 2350
1401, 8, 648, 655, 227, 0, 31.24%, 0, 0, 15, 5203.03, 10314860, 2350
1406, 9, 5, 660, 230, 0, 31.24%, 0, 0, 15, 5452.01, 10338999, 2350
1411, 9, 5, 660, 230, 0, 31.24%, 0, 0, 15, 5721.48, 10368652, 2350
1416, 9, 40, 660, 227, 0, 31.24%, 0, 0, 15, 6840.09, 10410979, 2350
1421, 9, 41, 660, 227, 0, 31.24%, 0, 0, 15, 7193.48, 10440885, 2350
1426, 9, 41, 660, 227, 0, 31.24%, 0, 0, 15, 6597.23, 10472630, 2350
1431, 9, 46, 660, 227, 0, 31.24%, 0, 0, 15, 7376.57, 10510742, 2350
1437, 9, 48, 660, 227, 0, 31.24%, 0, 0, 15, 7146.42, 10542761, 2350
1442, 9, 49, 660, 227, 0, 31.24%, 0, 0, 15, 7087.12, 10579102, 2350
1447, 9, 51, 660, 227, 0, 31.24%, 0, 0, 15, 7583.63, 10628574, 2350
1452, 9, 53, 660, 227, 0, 31.24%, 0, 0, 15, 7336.16, 10663814, 2350
1457, 9, 56, 660, 226, 0, 31.24%, 0, 0, 15, 7197.21, 10699332, 2350
1462, 9, 56, 660, 226, 0, 31.24%, 0, 0, 15, 7430.64, 10736957, 2350
1467, 9, 80, 660, 225, 0, 31.24%, 0, 0, 15, 7938.50, 10776932, 2350
1472, 9, 100, 660, 225, 0, 31.24%, 0, 0, 15, 4981.02, 10811310, 2350
1477, 9, 112, 660, 224, 0, 31.24%, 0, 0, 15, 7277.63, 10860818, 2350
1482, 9, 124, 662, 225, 0, 31.24%, 0, 0, 15, 803.22, 10888057, 2350
1487, 9, 149, 662, 225, 0, 31.24%, 0, 0, 15, 7672.52, 10925722, 2350
1492, 9, 154, 662, 225, 0, 31.24%, 0, 0, 15, 6875.00, 10954271, 2350
1498, 9, 170, 662, 224, 0, 31.24%, 0, 0, 15, 7341.47, 10991914, 2350
1503, 9, 174, 662, 224, 0, 31.24%, 0, 0, 15, 7086.48, 11025894, 2350
1508, 9, 185, 662, 223, 0, 31.24%, 0, 0, 15, 7412.04, 11075491, 2350
1513, 9, 198, 662, 222, 0, 31.24%, 0, 0, 15, 7490.94, 11112544, 2350
1518, 9, 222, 662, 221, 0, 31.24%, 0, 0, 15, 7490.20, 11149989, 2350
1523, 9, 234, 662, 219, 0, 31.24%, 0, 0, 15, 6849.52, 11185069, 2350
1528, 9, 261, 662, 216, 0, 31.24%, 0, 0, 15, 7504.15, 11225369, 2350
1533, 9, 295, 662, 216, 0, 31.24%, 0, 0, 15, 7535.80, 11263370, 2350
1538, 9, 321, 662, 216, 0, 31.24%, 0, 0, 15, 7384.88, 11314103, 2350
1544, 9, 325, 662, 216, 0, 31.24%, 0, 0, 15, 7733.68, 11352838, 2350
1549, 9, 336, 663, 216, 0, 31.24%, 0, 0, 15, 7999.67, 11392666, 2350
1554, 9, 338, 663, 214, 0, 31.24%, 0, 0, 15, 1402.30, 11426617, 2350
1559, 9, 353, 663, 212, 0, 31.24%, 0, 0, 15, 6147.95, 11463782, 2350
1564, 9, 383, 663, 210, 0, 31.24%, 0, 0, 15, 6685.68, 11494320, 2350
1569, 9, 401, 663, 208, 0, 31.24%, 0, 0, 15, 8248.18, 11536250, 2350
1574, 9, 426, 663, 207, 0, 31.24%, 0, 0, 15, 6468.92, 11567905, 2350
1579, 9, 439, 663, 206, 0, 31.24%, 0, 0, 15, 6129.04, 11596148, 2350
1584, 9, 448, 663, 205, 0, 31.24%, 0, 0, 15, 6379.65, 11628313, 2350
1590, 9, 456, 663, 204, 0, 31.24%, 0, 0, 15, 6472.68, 11658090, 2350
1595, 9, 456, 663, 204, 0, 31.24%, 0, 0, 15, 6248.02, 11688252, 2350
1600, 9, 457, 663, 203, 0, 31.24%, 0, 0, 15, 7101.84, 11733166, 2350
1605, 9, 463, 663, 202, 0, 31.24%, 0, 0, 15, 6484.26, 11765472, 2350
1610, 9, 469, 663, 201, 0, 31.24%, 0, 0, 15, 898.15, 11792369, 2350
1615, 9, 471, 663, 200, 0, 31.24%, 0, 0, 15, 5237.09, 11804074, 2350
1620, 9, 481, 663, 198, 0, 31.24%, 0, 0, 15, 6095.21, 11835511, 2350
1625, 9, 504, 663, 197, 0, 31.24%, 0, 0, 15, 6889.43, 11871079, 2350
1630, 9, 504, 663, 197, 0, 31.24%, 0, 0, 15, 6024.50, 11901544, 2350
1629, 9, 504, 663, 197, 0, 31.24%, 0, 0, 15, 0.00, 11902023, 2350
1634, 9, 533, 663, 196, 0, 31.24%, 0, 0, 15, 6288.54, 11934730, 2350
1639, 9, 536, 663, 196, 0, 31.24%, 0, 0, 15, 5586.10, 11961728, 2350
1644, 9, 537, 663, 195, 0, 31.24%, 0, 0, 15, 5554.76, 11988640, 2350
1649, 9, 542, 663, 194, 0, 31.24%, 0, 0, 15, 4352.40, 12010886, 2350
1654, 9, 542, 663, 194, 0, 31.24%, 0, 0, 15, 4868.58, 12036482, 2350
1660, 9, 542, 663, 194, 0, 31.24%, 0, 0, 15, 4835.54, 12060012, 2350
1665, 9, 552, 663, 193, 0, 31.24%, 0, 0, 15, 4750.26, 12090064, 2350
1670, 9, 557, 663, 192, 0, 31.24%, 0, 0, 15, 5302.45, 12115922, 2350
1675, 9, 565, 663, 191, 0, 31.24%, 0, 0, 15, 5432.67, 12144306, 2350
1680, 9, 570, 663, 191, 0, 31.24%, 0, 0, 15, 4526.48, 12165015, 2350
1685, 9, 575, 663, 191, 0, 31.24%, 0, 0, 15, 5175.65, 12192603, 2350
1690, 9, 575, 664, 192, 0, 31.24%, 0, 0, 15, 5405.26, 12220440, 2350
1695, 9, 581, 664, 191, 0, 31.24%, 0, 0, 15, 369.34, 12239927, 2350
1700, 9, 585, 664, 190, 0, 31.24%, 0, 0, 15, 4677.38, 12260490, 2350
1706, 9, 585, 664, 190, 0, 31.24%, 0, 0, 15, 5271.11, 12287355, 2350
1711, 9, 586, 666, 191, 0, 31.24%, 0, 0, 15, 6107.91, 12320809, 2350
1716, 9, 588, 666, 190, 0, 31.24%, 0, 0, 15, 6175.42, 12351663, 2350
1721, 9, 593, 666, 189, 0, 31.24%, 0, 0, 15, 6197.84, 12382511, 2350
1722, 9, 594, 666, 189, 0, 31.24%, 0, 0, 15, 6104.88, 12391236, 2350
