# relative_time, cycles_done, cur_item, corpus_count, pending_total, pending_favs, map_size, saved_crashes, saved_hangs, max_depth, execs_per_sec, total_execs, edges_found
61, 0, 59, 221, 211, 74, 27.79%, 0, 0, 2, 3204.64, 254544, 2091
66, 0, 65, 224, 212, 73, 27.81%, 0, 0, 3, 3675.08, 273540, 2092
71, 0, 67, 225, 212, 72, 27.81%, 0, 0, 3, 3875.26, 293502, 2092
76, 0, 81, 228, 211, 66, 27.81%, 0, 0, 3, 3933.79, 313280, 2092
81, 0, 87, 233, 212, 62, 27.81%, 0, 0, 3, 2936.92, 334027, 2092
86, 0, 92, 235, 209, 58, 27.81%, 0, 0, 3, 3551.03, 351808, 2092
91, 0, 106, 236, 203, 51, 27.81%, 0, 0, 3, 3826.82, 372074, 2092
96, 0, 111, 242, 205, 47, 27.82%, 0, 0, 3, 3560.10, 390357, 2093
101, 0, 127, 244, 200, 38, 27.83%, 0, 0, 3, 3672.44, 408311, 2094
106, 0, 151, 246, 194, 32, 27.85%, 0, 0, 3, 3866.96, 428777, 2095
112, 0, 169, 250, 192, 26, 27.86%, 0, 0, 3, 4123.56, 454788, 2096
117, 0, 173, 268, 208, 24, 28.80%, 0, 0, 3, 4756.95, 478356, 2167
122, 0, 173, 273, 213, 24, 28.80%, 0, 0, 3, 4532.21, 502115, 2167
127, 0, 173, 273, 213, 24, 28.80%, 0, 0, 3, 3904.88, 521160, 2167
132, 0, 181, 277, 214, 32, 28.83%, 0, 0, 3, 3830.60, 540641, 2169
137, 0, 195, 282, 214, 28, 29.16%, 0, 0, 3, 3965.98, 561467, 2194
142, 0, 202, 282, 210, 25, 29.16%, 0, 0, 3, 3868.21, 586734, 2194
147, 0, 213, 283, 208, 22, 29.16%, 0, 0, 3, 3750.60, 606265, 2194
153, 0, 225, 285, 209, 22, 29.16%, 0, 0, 4, 3842.71, 625846, 2194
158, 0, 239, 292, 215, 21, 29.16%, 0, 0, 4, 3758.39, 643674, 2194
163, 0, 239, 293, 216, 21, 29.16%, 0, 0, 4, 3526.42, 661761, 2194
168, 0, 239, 293, 216, 21, 29.16%, 0, 0, 4, 3355.07, 678771, 2194
173, 0, 252, 295, 213, 17, 29.16%, 0, 0, 4, 3807.93, 703357, 2194
178, 0, 262, 300, 212, 11, 29.27%, 0, 0, 4, 3964.04, 724165, 2202
183, 0, 273, 304, 211, 8, 29.31%, 0, 0, 4, 3969.81, 745012, 2205
189, 0, 281, 319, 224, 7, 29.75%, 0, 0, 4, 4485.21, 767867, 2238
194, 0, 281, 321, 226, 7, 29.75%, 0, 0, 4, 4032.00, 788854, 2238
199, 0, 281, 322, 227, 7, 29.75%, 0, 0, 4, 3713.72, 807080, 2238
204, 0, 298, 324, 227, 11, 29.75%, 0, 0, 5, 3778.89, 831313, 2238
209, 0, 307, 338, 238, 8, 29.87%, 0, 0, 5, 4507.86, 854428, 2247
214, 0, 307, 338, 238, 8, 29.87%, 0, 0, 5, 4631.25, 878881, 2247
219, 0, 307, 338, 238, 8, 29.87%, 0, 0, 5, 3879.11, 897571, 2247
224, 0, 310, 339, 238, 8, 29.88%, 0, 0, 5, 3842.95, 917150, 2248
229, 0, 311, 341, 239, 8, 29.88%, 0, 0, 5, 3852.43, 936961, 2248
235, 0, 322, 343, 239, 6, 29.88%, 0, 0, 6, 3615.11, 961050, 2248
240, 0, 328, 345, 240, 5, 29.88%, 0, 0, 6, 3736.12, 979776, 2248
245, 0, 338, 346, 239, 5, 29.88%, 0, 0, 6, 3854.42, 1000068, 2248
250, 0, 345, 353, 245, 4, 29.89%, 0, 0, 7, 4855.93, 1025314, 2249
255, 0, 345, 353, 245, 4, 29.89%, 0, 0, 7, 3928.17, 1044280, 2249
260, 0, 346, 353, 244, 5, 29.89%, 0, 0, 7, 3843.20, 1063318, 2249
265, 0, 355, 356, 244, 4, 29.89%, 0, 0, 9, 3786.05, 1089633, 2249
270, 1, 23, 356, 243, 3, 29.89%, 0, 0, 9, 3626.01, 1108687, 2249
275, 1, 23, 356, 243, 3, 29.89%, 0, 0, 9, 3560.48, 1126367, 2249
281, 1, 272, 358, 242, 1, 29.89%, 0, 0, 9, 3865.47, 1146649, 2249
286, 1, 274, 360, 243, 0, 29.89%, 0, 0, 9, 3801.94, 1166445, 2249
291, 1, 283, 364, 244, 0, 29.89%, 0, 0, 9, 4085.69, 1187620, 2249
296, 1, 286, 369, 248, 0, 29.89%, 0, 0, 9, 3655.54, 1211726, 2249
301, 1, 286, 370, 249, 0, 29.89%, 0, 0, 9, 3970.67, 1232188, 2249
306, 1, 286, 370, 249, 0, 29.89%, 0, 0, 9, 3727.68, 1250524, 2249
311, 1, 288, 370, 248, 0, 29.89%, 0, 0, 9, 3481.85, 1267603, 2249
316, 1, 289, 370, 247, 0, 29.89%, 0, 0, 9, 3439.03, 1284824, 2249
321, 1, 296, 370, 246, 0, 29.89%, 0, 0, 9, 3311.49, 1301200, 2249
326, 1, 370, 376, 250, 1, 30.40%, 0, 0, 9, 5333.28, 1331708, 2287
331, 1, 370, 376, 250, 1, 30.40%, 0, 0, 9, 4162.22, 1352369, 2287
337, 1, 370, 376, 250, 1, 30.40%, 0, 0, 9, 3860.13, 1371762, 2287
342, 1, 372, 378, 251, 1, 30.40%, 0, 0, 9, 3765.96, 1390139, 2287
347, 1, 373, 380, 252, 0, 30.40%, 0, 0, 9, 3917.81, 1410306, 2287
352, 1, 378, 381, 252, 1, 30.40%, 0, 0, 9, 4001.81, 1430902, 2287
357, 1, 381, 385, 255, 1, 30.40%, 0, 0, 9, 4941.00, 1459258, 2287
362, 1, 381, 385, 255, 1, 30.40%, 0, 0, 9, 4049.58, 1478344, 2287
367, 1, 382, 387, 256, 1, 30.40%, 0, 0, 9, 4159.44, 1499897, 2287
372, 1, 382, 387, 256, 1, 30.40%, 0, 0, 9, 3826.52, 1518694, 2287
377, 2, 1, 420, 288, 0, 30.40%, 0, 0, 9, 3794.47, 1537873, 2287
382, 2, 57, 420, 288, 1, 30.40%, 0, 0, 9, 3904.63, 1557671, 2287
387, 2, 221, 420, 286, 1, 30.40%, 0, 0, 9, 3963.64, 1581478, 2287
392, 2, 398, 421, 284, 0, 30.40%, 0, 0, 9, 3877.67, 1600993, 2287
397, 2, 399, 422, 284, 0, 30.40%, 0, 0, 9, 3773.20, 1619882, 2287
402, 2, 406, 422, 282, 0, 30.40%, 0, 0, 9, 3853.70, 1639054, 2287
407, 2, 410, 422, 281, 0, 30.40%, 0, 0, 9, 3606.49, 1656677, 2287
412, 2, 410, 422, 281, 0, 30.40%, 0, 0, 9, 3628.42, 1674967, 2287
417, 2, 417, 423, 280, 0, 30.40%, 0, 0, 9, 3814.40, 1694091, 2287
417, 2, 417, 423, 280, 0, 30.40%, 0, 0, 9, 0.00, 1696031, 2287
422, 3, 7, 426, 281, 0, 30.40%, 0, 0, 9, 3727.43, 1715073, 2287
427, 3, 17, 426, 278, 0, 30.40%, 0, 0, 9, 3683.88, 1734110, 2287
432, 3, 24, 426, 276, 0, 30.40%, 0, 0, 9, 3741.02, 1753079, 2287
437, 3, 27, 427, 275, 0, 30.40%, 0, 0, 9, 3568.62, 1771056, 2287
442, 3, 28, 428, 275, 0, 30.40%, 0, 0, 9, 3741.67, 1790336, 2287
447, 3, 28, 428, 275, 0, 30.40%, 0, 0, 9, 3521.90, 1807750, 2287
452, 3, 48, 428, 275, 0, 30.40%, 0, 0, 9, 3685.21, 1830629, 2287
457, 3, 48, 428, 275, 0, 30.40%, 0, 0, 9, 3642.94, 1848912, 2287
462, 3, 49, 428, 275, 0, 30.40%, 0, 0, 9, 3825.53, 1868763, 2287
467, 3, 56, 428, 274, 0, 30.40%, 0, 0, 9, 3784.07, 1887741, 2287
472, 3, 57, 428, 273, 0, 30.40%, 0, 0, 9, 3883.98, 1907672, 2287
477, 3, 62, 428, 273, 0, 30.40%, 0, 0, 9, 3905.55, 1927310, 2287
483, 3, 65, 428, 273, 0, 30.40%, 0, 0, 9, 3771.49, 1951425, 2287
488, 3, 82, 428, 272, 0, 30.40%, 0, 0, 9, 3837.15, 1970983, 2287
493, 3, 90, 429, 273, 0, 30.40%, 0, 0, 9, 3981.58, 1991056, 2287
498, 3, 310, 429, 272, 1, 30.40%, 0, 0, 9, 3855.22, 2010407, 2287
503, 3, 356, 429, 272, 1, 30.40%, 0, 0, 9, 3843.90, 2030234, 2287
508, 4, 9, 432, 273, 0, 30.40%, 0, 0, 9, 3814.01, 2049449, 2287
513, 4, 19, 432, 270, 0, 30.40%, 0, 0, 9, 3311.48, 2072936, 2287
518, 4, 28, 432, 268, 0, 30.40%, 0, 0, 9, 3790.02, 2092086, 2287
523, 4, 28, 432, 268, 0, 30.40%, 0, 0, 9, 3239.03, 2108710, 2287
528, 4, 30, 433, 269, 0, 30.40%, 0, 0, 9, 3552.16, 2127804, 2287
533, 4, 49, 433, 265, 0, 30.40%, 0, 0, 9, 3717.52, 2146637, 2287
538, 4, 49, 433, 265, 0, 30.40%, 0, 0, 9, 3773.63, 2166452, 2287
543, 4, 55, 434, 265, 0, 30.40%, 0, 0, 9, 3724.49, 2191703, 2287
549, 4, 57, 435, 266, 0, 30.40%, 0, 0, 9, 3926.27, 2211247, 2287
554, 4, 62, 435, 266, 0, 30.40%, 0, 0, 9, 3842.58, 2230515, 2287
559, 4, 62, 435, 266, 0, 30.40%, 0, 0, 9, 3684.74, 2249065, 2287
564, 4, 66, 435, 266, 0, 30.40%, 0, 0, 9, 3812.39, 2268816, 2287
569, 4, 76, 436, 264, 0, 30.40%, 0, 0, 9, 3879.14, 2288917, 2287
574, 4, 89, 436, 262, 0, 30.40%, 0, 0, 9, 4152.34, 2314946, 2287
579, 4, 97, 436, 262, 0, 30.40%, 0, 0, 9, 3923.53, 2334520, 2287
584, 4, 109, 436, 260, 0, 30.40%, 0, 0, 9, 3941.52, 2354361, 2287
589, 4, 120, 436, 260, 0, 30.40%, 0, 0, 9, 3912.97, 2374077, 2287
594, 4, 135, 436, 258, 0, 30.40%, 0, 0, 9, 3893.19, 2393564, 2287
599, 4, 146, 436, 257, 0, 30.40%, 0, 0, 9, 3747.30, 2412283, 2287
604, 4, 155, 448, 267, 0, 30.40%, 0, 0, 9, 4501.27, 2440274, 2287
610, 4, 155, 449, 268, 0, 30.40%, 0, 0, 9, 4502.04, 2464968, 2287
615, 4, 155, 449, 268, 0, 30.40%, 0, 0, 9, 3818.77, 2483325, 2287
620, 4, 157, 449, 267, 0, 30.40%, 0, 0, 9, 3697.09, 2501667, 2287
625, 4, 168, 450, 266, 0, 30.40%, 0, 0, 9, 3864.78, 2521262, 2287
630, 4, 177, 450, 265, 0, 30.40%, 0, 0, 9, 3867.60, 2540491, 2287
635, 4, 198, 452, 266, 0, 30.40%, 0, 0, 9, 4017.74, 2565526, 2287
640, 4, 200, 452, 265, 0, 30.40%, 0, 0, 9, 3837.51, 2584819, 2287
645, 4, 204, 453, 265, 0, 30.40%, 0, 0, 9, 3821.16, 2604179, 2287
650, 4, 225, 453, 262, 0, 30.40%, 0, 0, 9, 3785.69, 2623680, 2287
655, 4, 244, 454, 262, 0, 30.40%, 0, 0, 9, 3682.77, 2641644, 2287
660, 4, 252, 454, 262, 0, 30.40%, 0, 0, 9, 2645.11, 2658533, 2287
665, 4, 266, 454, 262, 0, 30.40%, 0, 0, 9, 3824.07, 2683772, 2287
670, 4, 282, 455, 262, 0, 30.40%, 0, 0, 9, 3837.60, 2703214, 2287
675, 4, 284, 455, 261, 0, 30.40%, 0, 0, 9, 3607.67, 2721515, 2287
680, 4, 294, 460, 265, 0, 30.40%, 0, 0, 9, 3838.91, 2740435, 2287
685, 4, 294, 462, 267, 0, 30.40%, 0, 0, 9, 3708.02, 2759689, 2287
691, 4, 294, 462, 267, 0, 30.40%, 0, 0, 9, 3431.88, 2777476, 2287
696, 4, 305, 463, 265, 0, 30.40%, 0, 0, 9, 3854.41, 2802021, 2287
701, 4, 310, 463, 265, 0, 30.40%, 0, 0, 9, 3498.49, 2818961, 2287
706, 4, 316, 463, 265, 0, 30.40%, 0, 0, 9, 3772.28, 2838310, 2287
711, 4, 320, 464, 266, 0, 30.40%, 0, 0, 9, 3782.40, 2857342, 2287
716, 4, 322, 465, 266, 0, 30.40%, 0, 0, 9, 3373.82, 2874108, 2287
721, 4, 322, 465, 266, 0, 30.40%, 0, 0, 9, 3385.16, 2891049, 2287
726, 4, 328, 465, 265, 0, 30.40%, 0, 0, 9, 3757.28, 2913468, 2287
731, 4, 344, 466, 265, 0, 30.40%, 0, 0, 9, 3848.11, 2933294, 2287
736, 4, 347, 466, 264, 0, 30.40%, 0, 0, 9, 3869.75, 2952486, 2287
741, 4, 352, 468, 264, 0, 30.40%, 0, 0, 9, 3839.22, 2971736, 2287
746, 4, 355, 470, 265, 0, 30.40%, 0, 0, 10, 3989.12, 2991913, 2287
751, 4, 362, 471, 266, 0, 30.40%, 0, 0, 10, 4043.84, 3012337, 2287
757, 4, 362, 471, 266, 0, 30.40%, 0, 0, 10, 3846.61, 3031920, 2287
755, 4, 362, 471, 266, 0, 30.40%, 0, 0, 10, 0.00, 3032604, 2287
760, 4, 367, 471, 265, 0, 30.40%, 0, 0, 10, 3606.87, 3050242, 2287
765, 4, 367, 472, 266, 0, 30.40%, 0, 0, 10, 3533.36, 3068434, 2287
770, 4, 372, 473, 266, 0, 30.72%, 0, 0, 10, 3784.73, 3087466, 2311
776, 4, 472, 475, 268, 1, 30.83%, 0, 0, 10, 3845.30, 3106755, 2319
781, 4, 472, 476, 269, 1, 30.92%, 0, 0, 10, 3727.93, 3125337, 2326
786, 4, 475, 480, 272, 1, 31.21%, 0, 0, 10, 4445.65, 3147206, 2348
791, 4, 475, 482, 274, 1, 31.21%, 0, 0, 10, 4072.11, 3175755, 2348
796, 4, 475, 482, 274, 1, 31.21%, 0, 0, 10, 3618.56, 3194007, 2348
801, 4, 476, 482, 273, 2, 31.21%, 0, 0, 10, 3747.69, 3213639, 2348
806, 4, 476, 487, 278, 2, 31.21%, 0, 0, 10, 4780.68, 3239694, 2348
811, 4, 476, 487, 278, 2, 31.21%, 0, 0, 10, 3826.62, 3257839, 2348
816, 4, 476, 487, 278, 2, 31.21%, 0, 0, 10, 3784.93, 3276577, 2348
821, 4, 476, 487, 278, 2, 31.21%, 0, 0, 10, 3694.32, 3301236, 2348
826, 4, 477, 487, 277, 2, 31.21%, 0, 0, 10, 3918.43, 3321063, 2348
832, 4, 477, 487, 277, 2, 31.21%, 0, 0, 10, 3835.41, 3340981, 2348
837, 4, 477, 487, 277, 2, 31.21%, 0, 0, 10, 3746.44, 3360457, 2348
842, 4, 477, 487, 277, 2, 31.21%, 0, 0, 10, 3706.43, 3379721, 2348
847, 4, 482, 488, 277, 1, 31.21%, 0, 0, 10, 3961.88, 3401322, 2348
852, 4, 482, 488, 277, 1, 31.21%, 0, 0, 10, 3652.68, 3426447, 2348
857, 5, 2, 494, 282, 0, 31.24%, 0, 0, 10, 3762.54, 3445732, 2350
862, 5, 364, 494, 281, 1, 31.24%, 0, 0, 10, 3542.01, 3463497, 2350
867, 5, 364, 494, 281, 1, 31.24%, 0, 0, 10, 3608.10, 3481897, 2350
872, 5, 470, 496, 282, 1, 31.24%, 0, 0, 10, 4139.59, 3501926, 2350
878, 5, 470, 497, 283, 1, 31.24%, 0, 0, 10, 4118.56, 3524005, 2350
883, 5, 470, 497, 283, 1, 31.24%, 0, 0, 10, 3597.60, 3547721, 2350
888, 5, 470, 497, 283, 1, 31.24%, 0, 0, 10, 3595.78, 3566085, 2350
893, 5, 470, 497, 283, 1, 31.24%, 0, 0, 10, 3601.12, 3584601, 2350
898, 5, 492, 498, 283, 1, 31.24%, 0, 0, 10, 3532.34, 3603285, 2350
903, 5, 497, 498, 282, 0, 31.24%, 0, 0, 10, 3429.56, 3620733, 2350
908, 6, 5, 500, 282, 0, 31.24%, 0, 0, 10, 3590.92, 3638839, 2350
914, 6, 28, 500, 279, 0, 31.24%, 0, 0, 10, 3874.93, 3663610, 2350
919, 6, 28, 500, 279, 0, 31.24%, 0, 0, 10, 3656.29, 3682058, 2350
924, 6, 32, 500, 279, 0, 31.24%, 0, 0, 10, 3671.86, 3700606, 2350
929, 6, 35, 500, 277, 0, 31.24%, 0, 0, 10, 3680.68, 3719639, 2350
934, 6, 42, 500, 274, 0, 31.24%, 0, 0, 10, 3779.18, 3738731, 2350
939, 6, 48, 500, 273, 0, 31.24%, 0, 0, 10, 3419.14, 3756575, 2350
944, 6, 49, 500, 273, 0, 31.24%, 0, 0, 10, 3942.25, 3781228, 2350
949, 6, 49, 500, 273, 0, 31.24%, 0, 0, 10, 3617.10, 3799039, 2350
954, 6, 57, 500, 273, 0, 31.24%, 0, 0, 10, 3798.95, 3819107, 2350
959, 6, 62, 500, 272, 0, 31.24%, 0, 0, 10, 3873.22, 3838975, 2350
965, 6, 62, 500, 272, 0, 31.24%, 0, 0, 10, 3767.16, 3858211, 2350
970, 6, 65, 500, 272, 0, 31.24%, 0, 0, 10, 3810.76, 3877288, 2350
975, 6, 82, 500, 271, 0, 31.24%, 0, 0, 10, 3927.79, 3902111, 2350
980, 6, 91, 501, 272, 0, 31.24%, 0, 0, 10, 3810.78, 3921117, 2350
985, 6, 98, 501, 271, 0, 31.24%, 0, 0, 10, 3640.37, 3939472, 2350
990, 6, 110, 501, 271, 0, 31.24%, 0, 0, 10, 3741.71, 3959197, 2350
995, 6, 125, 502, 271, 0, 31.24%, 0, 0, 10, 3845.30, 3978652, 2350
1000, 6, 137, 502, 270, 0, 31.24%, 0, 0, 10, 3892.51, 3998269, 2350
1005, 6, 153, 503, 270, 0, 31.24%, 0, 0, 10, 3527.45, 4023588, 2350
1010, 6, 167, 503, 268, 0, 31.24%, 0, 0, 10, 3533.07, 4041884, 2350
1015, 6, 177, 503, 268, 0, 31.24%, 0, 0, 10, 3774.00, 4061060, 2350
1020, 6, 188, 503, 266, 0, 31.24%, 0, 0, 10, 3847.14, 4080336, 2350
1025, 6, 199, 503, 266, 0, 31.24%, 0, 0, 10, 3827.22, 4099691, 2350
1030, 6, 203, 505, 268, 0, 31.24%, 0, 0, 10, 3921.45, 4119249, 2350
1035, 6, 225, 505, 265, 0, 31.24%, 0, 0, 10, 3717.33, 4143650, 2350
1040, 6, 229, 505, 264, 0, 31.24%, 0, 0, 10, 3618.24, 4162017, 2350
1045, 6, 232, 505, 262, 0, 31.24%, 0, 0, 10, 3404.10, 4179128, 2350
1051, 6, 244, 505, 259, 0, 31.24%, 0, 0, 10, 3558.08, 4196934, 2350
1056, 6, 256, 505, 258, 0, 31.24%, 0, 0, 10, 3774.21, 4215819, 2350
1061, 6, 264, 505, 258, 0, 31.24%, 0, 0, 10, 3885.70, 4235569, 2350
1066, 6, 277, 505, 257, 0, 31.24%, 0, 0, 10, 3903.57, 4255089, 2350
1064, 6, 277, 505, 257, 0, 31.24%, 0, 0, 10, 0.00, 4255376, 2350
1069, 6, 290, 505, 255, 0, 31.24%, 0, 0, 10, 3252.95, 4272741, 2350
1074, 6, 290, 507, 257, 0, 31.24%, 0, 0, 10, 3196.44, 4289198, 2350
1079, 6, 299, 507, 255, 0, 31.24%, 0, 0, 10, 3669.92, 4308046, 2350
1085, 6, 310, 507, 252, 0, 31.24%, 0, 0, 10, 3867.33, 4327606, 2350
1090, 6, 311, 507, 252, 0, 31.24%, 0, 0, 10, 3517.31, 4344165, 2350
1095, 6, 314, 507, 252, 0, 31.24%, 0, 0, 10, 3739.32, 4363017, 2350
1100, 6, 315, 507, 251, 0, 31.24%, 0, 0, 10, 3759.44, 4386973, 2350
1105, 6, 317, 507, 250, 0, 31.24%, 0, 0, 10, 3827.72, 4406598, 2350
1110, 6, 322, 508, 250, 0, 31.24%, 0, 0, 10, 3641.16, 4423890, 2350
1115, 6, 322, 508, 250, 0, 31.24%, 0, 0, 10, 3518.96, 4441925, 2350
1120, 6, 324, 508, 250, 0, 31.24%, 0, 0, 10, 3410.65, 4458925, 2350
1125, 6, 334, 508, 248, 0, 31.24%, 0, 0, 10, 3744.14, 4478493, 2350
1130, 6, 341, 508, 247, 0, 31.24%, 0, 0, 10, 3784.01, 4503684, 2350
1135, 6, 354, 508, 246, 0, 31.24%, 0, 0, 10, 3842.94, 4523245, 2350
1140, 6, 361, 509, 246, 0, 31.24%, 0, 0, 10, 3904.23, 4542997, 2350
1145, 6, 371, 509, 245, 0, 31.24%, 0, 0, 10, 3856.47, 4562489, 2350
1145, 6, 372, 509, 245, 0, 31.24%, 0, 0, 10, 4032.71, 4563606, 2350
