# relative_time, cycles_done, cur_item, corpus_count, pending_total, pending_favs, map_size, saved_crashes, saved_hangs, max_depth, execs_per_sec, total_execs, edges_found
61, 0, 46, 300, 252, 56, 29.20%, 0, 0, 5, 7757.39, 586669, 2197
66, 0, 282, 304, 250, 50, 29.20%, 0, 0, 5, 7133.53, 621523, 2197
71, 0, 90, 309, 248, 47, 29.22%, 0, 0, 6, 6884.90, 657991, 2198
76, 0, 160, 312, 243, 38, 29.22%, 0, 0, 6, 7637.81, 697206, 2198
81, 0, 51, 318, 243, 32, 29.22%, 0, 0, 6, 7563.76, 739955, 2198
86, 0, 231, 323, 243, 27, 29.22%, 0, 0, 6, 7844.43, 778673, 2198
91, 0, 231, 324, 244, 27, 29.22%, 0, 0, 6, 7575.42, 819099, 2198
96, 0, 93, 325, 241, 24, 29.22%, 0, 0, 6, 7414.67, 855652, 2198
102, 0, 324, 326, 238, 20, 29.22%, 0, 0, 6, 6688.50, 888195, 2198
107, 0, 172, 327, 233, 14, 29.22%, 0, 0, 6, 6540.02, 921035, 2198
112, 0, 108, 336, 237, 9, 29.23%, 0, 0, 6, 8116.70, 964982, 2199
117, 0, 335, 337, 233, 5, 29.26%, 0, 0, 6, 6733.46, 996287, 2201
122, 0, 170, 339, 232, 2, 29.26%, 0, 0, 6, 6524.13, 1028495, 2201
127, 0, 264, 343, 235, 1, 29.26%, 0, 0, 6, 6681.75, 1063246, 2201
132, 0, 46, 346, 238, 1, 29.26%, 0, 0, 6, 6500.20, 1096064, 2201
137, 0, 121, 346, 238, 1, 29.26%, 0, 0, 6, 6623.44, 1129182, 2201
142, 0, 121, 348, 237, 0, 29.26%, 0, 0, 6, 6091.45, 1169937, 2201
147, 0, 324, 354, 243, 0, 29.26%, 0, 0, 6, 6762.10, 1204768, 2201
152, 0, 211, 355, 244, 0, 29.28%, 0, 0, 6, 6672.55, 1238835, 2203
157, 0, 213, 357, 245, 0, 29.28%, 0, 0, 6, 5905.51, 1268202, 2203
162, 0, 124, 358, 246, 0, 29.28%, 0, 0, 6, 6498.28, 1301925, 2203
168, 0, 282, 363, 251, 0, 29.28%, 0, 0, 6, 6410.67, 1333861, 2203
173, 0, 362, 365, 251, 1, 29.28%, 0, 0, 6, 6220.47, 1366090, 2203
171, 0, 121, 365, 250, 0, 29.28%, 0, 0, 6, 0.00, 1367069, 2203
177, 0, 293, 365, 250, 0, 29.28%, 0, 0, 6, 7176.86, 1404225, 2203
182, 0, 121, 368, 253, 0, 29.28%, 0, 0, 6, 6766.12, 1439660, 2203
187, 0, 109, 369, 254, 0, 29.28%, 0, 0, 6, 7565.78, 1478890, 2203
192, 0, 118, 370, 255, 0, 29.28%, 0, 0, 6, 7770.46, 1520116, 2203
197, 0, 156, 371, 256, 1, 29.28%, 0, 0, 6, 7877.89, 1560093, 2203
202, 0, 61, 371, 255, 0, 29.28%, 0, 0, 6, 7590.94, 1597445, 2203
207, 0, 211, 371, 255, 0, 29.28%, 0, 0, 6, 7759.14, 1647071, 2203
212, 0, 111, 374, 258, 0, 29.28%, 0, 0, 6, 7468.85, 1685339, 2203
217, 0, 111, 375, 259, 0, 29.28%, 0, 0, 6, 7772.65, 1725942, 2203
222, 0, 58, 375, 259, 0, 29.28%, 0, 0, 6, 7933.01, 1764887, 2203
227, 0, 118, 375, 259, 0, 29.28%, 0, 0, 6, 6381.73, 1796695, 2203
233, 0, 375, 378, 262, 1, 29.83%, 0, 0, 7, 7182.23, 1834845, 2244
238, 0, 377, 386, 269, 1, 30.35%, 0, 0, 8, 9931.19, 1893077, 2283
243, 0, 380, 389, 270, 2, 30.64%, 0, 0, 9, 7953.43, 1930549, 2305
248, 0, 111, 390, 270, 1, 30.64%, 0, 0, 9, 7575.18, 1969565, 2305
253, 0, 111, 390, 269, 0, 30.64%, 0, 0, 9, 7277.11, 2006717, 2305
258, 0, 264, 391, 270, 0, 30.64%, 0, 0, 9, 7278.42, 2043917, 2305
263, 0, 58, 391, 270, 0, 30.64%, 0, 0, 9, 7128.87, 2079788, 2305
268, 0, 202, 392, 271, 0, 30.64%, 0, 0, 9, 7921.16, 2128099, 2305
273, 0, 388, 401, 280, 0, 30.64%, 0, 0, 10, 8664.26, 2175568, 2305
278, 0, 121, 403, 282, 1, 30.64%, 0, 0, 10, 7785.79, 2213217, 2305
283, 0, 61, 404, 282, 0, 30.64%, 0, 0, 11, 7474.45, 2251012, 2305
288, 0, 211, 404, 282, 0, 30.64%, 0, 0, 11, 7021.37, 2286856, 2305
293, 0, 380, 404, 282, 0, 30.64%, 0, 0, 11, 6772.16, 2318857, 2305
298, 0, 118, 406, 284, 0, 30.64%, 0, 0, 11, 7038.38, 2366911, 2305
303, 0, 324, 407, 285, 0, 30.64%, 0, 0, 11, 6597.34, 2400483, 2305
309, 0, 111, 407, 285, 0, 30.64%, 0, 0, 11, 7031.81, 2437519, 2305
314, 0, 202, 407, 285, 0, 30.64%, 0, 0, 11, 6873.85, 2471956, 2305
319, 0, 121, 407, 285, 0, 30.64%, 0, 0, 11, 6814.20, 2506250, 2305
324, 0, 121, 409, 287, 0, 30.64%, 0, 0, 11, 6557.55, 2539725, 2305
329, 0, 382, 410, 288, 0, 30.64%, 0, 0, 11, 6451.03, 2585072, 2305
334, 0, 188, 410, 288, 0, 30.64%, 0, 0, 11, 6661.36, 2619038, 2305
339, 0, 111, 410, 288, 0, 30.64%, 0, 0, 11, 6882.12, 2654159, 2305
344, 0, 31, 410, 288, 0, 30.64%, 0, 0, 11, 6478.44, 2686937, 2305
349, 0, 31, 414, 292, 0, 30.64%, 0, 0, 11, 7066.46, 2726261, 2305
354, 0, 31, 414, 292, 0, 30.64%, 0, 0, 11, 6364.21, 2757120, 2305
359, 0, 235, 415, 293, 0, 30.64%, 0, 0, 11, 6901.91, 2792405, 2305
358, 0, 235, 415, 293, 0, 30.64%, 0, 0, 11, 0.00, 2793533, 2305
363, 0, 46, 415, 293, 0, 30.64%, 0, 0, 11, 6633.36, 2826894, 2305
368, 0, 120, 418, 296, 0, 30.64%, 0, 0, 11, 6669.19, 2860970, 2305
373, 0, 202, 419, 297, 0, 30.64%, 0, 0, 11, 7103.35, 2896737, 2305
378, 0, 121, 419, 297, 0, 30.64%, 0, 0, 11, 6975.58, 2931629, 2305
383, 0, 111, 419, 297, 0, 30.64%, 0, 0, 11, 6858.51, 2966238, 2305
388, 1, 188, 420, 298, 0, 30.64%, 0, 0, 11, 6951.70, 3001414, 2305
393, 1, 160, 421, 299, 0, 30.64%, 0, 0, 11, 7140.14, 3046409, 2305
398, 1, 137, 421, 299, 0, 30.64%, 0, 0, 11, 6773.58, 3080442, 2305
403, 1, 109, 422, 300, 0, 30.64%, 0, 0, 11, 6970.98, 3116162, 2305
409, 1, 380, 422, 300, 0, 30.64%, 0, 0, 11, 7007.48, 3151908, 2305
414, 1, 111, 422, 299, 0, 30.64%, 0, 0, 11, 6885.26, 3186969, 2305
419, 1, 172, 422, 299, 0, 30.64%, 0, 0, 11, 6952.44, 3222334, 2305
424, 1, 388, 422, 299, 0, 30.64%, 0, 0, 11, 6932.87, 3266609, 2305
429, 1, 93, 422, 299, 0, 30.64%, 0, 0, 11, 6837.02, 3301302, 2305
434, 1, 121, 422, 299, 0, 30.64%, 0, 0, 11, 6898.04, 3336593, 2305
439, 1, 61, 423, 300, 0, 30.64%, 0, 0, 11, 7786.57, 3378262, 2305
444, 1, 144, 425, 302, 0, 30.64%, 0, 0, 11, 8079.34, 3421037, 2305
450, 1, 121, 426, 301, 0, 30.64%, 0, 0, 11, 8235.20, 3463742, 2305
455, 1, 61, 426, 301, 0, 30.64%, 0, 0, 11, 7728.65, 3517455, 2305
460, 1, 111, 428, 303, 0, 30.64%, 0, 0, 11, 8063.81, 3559225, 2305
465, 1, 84, 428, 303, 0, 30.64%, 0, 0, 11, 8002.66, 3600863, 2305
470, 1, 388, 430, 305, 0, 30.64%, 0, 0, 11, 7766.08, 3640177, 2305
475, 1, 388, 430, 305, 0, 30.64%, 0, 0, 11, 7272.79, 3676359, 2305
480, 1, 111, 432, 307, 0, 30.64%, 0, 0, 11, 7141.47, 3711764, 2305
485, 1, 283, 435, 310, 0, 30.64%, 0, 0, 11, 6765.04, 3757923, 2305
490, 1, 228, 435, 310, 0, 30.64%, 0, 0, 11, 7036.85, 3793882, 2305
495, 1, 109, 435, 310, 0, 30.64%, 0, 0, 11, 7507.78, 3831949, 2305
500, 1, 354, 436, 311, 0, 30.64%, 0, 0, 11, 7053.22, 3867533, 2305
505, 1, 301, 436, 310, 0, 30.64%, 0, 0, 11, 7357.30, 3904230, 2305
511, 1, 121, 436, 309, 0, 30.64%, 0, 0, 11, 6933.14, 3938235, 2305
516, 1, 382, 436, 309, 0, 30.64%, 0, 0, 11, 7080.77, 3985483, 2305
521, 1, 111, 439, 312, 0, 30.64%, 0, 0, 11, 5936.95, 4015215, 2305
526, 1, 159, 439, 312, 0, 30.64%, 0, 0, 11, 5834.17, 4043950, 2305
531, 1, 380, 440, 312, 0, 30.64%, 0, 0, 11, 6005.72, 4074719, 2305
536, 1, 333, 440, 312, 0, 30.64%, 0, 0, 11, 5542.88, 4101806, 2305
541, 1, 91, 440, 311, 0, 30.64%, 0, 0, 11, 5151.45, 4127602, 2305
546, 1, 202, 441, 312, 1, 30.64%, 0, 0, 11, 4458.08, 4157090, 2305
551, 1, 440, 444, 313, 1, 30.64%, 0, 0, 11, 5653.82, 4186323, 2305
556, 1, 121, 445, 313, 1, 30.64%, 0, 0, 11, 6508.64, 4220373, 2305
562, 1, 442, 450, 318, 1, 30.64%, 0, 0, 11, 8375.75, 4263162, 2305
567, 1, 442, 450, 318, 1, 30.64%, 0, 0, 11, 6520.52, 4292949, 2305
572, 1, 57, 453, 319, 1, 30.64%, 0, 0, 11, 6789.79, 4327432, 2305
577, 1, 31, 454, 319, 1, 30.64%, 0, 0, 11, 6833.00, 4361288, 2305
575, 1, 31, 454, 319, 1, 30.64%, 0, 0, 11, 0.00, 4361594, 2305
580, 1, 31, 454, 319, 1, 30.64%, 0, 0, 11, 6426.55, 4393822, 2305
586, 1, 160, 455, 320, 1, 30.64%, 0, 0, 11, 6733.42, 4428989, 2305
591, 1, 388, 456, 320, 0, 30.64%, 0, 0, 11, 6823.95, 4462979, 2305
596, 1, 283, 456, 319, 0, 30.64%, 0, 0, 11, 6643.17, 4496097, 2305
601, 1, 41, 456, 319, 0, 30.64%, 0, 0, 11, 6493.25, 4529579, 2305
606, 1, 142, 456, 318, 0, 30.64%, 0, 0, 11, 6977.17, 4564766, 2305
611, 1, 382, 458, 319, 0, 30.64%, 0, 0, 11, 6757.00, 4607877, 2305
616, 1, 382, 460, 321, 0, 30.64%, 0, 0, 11, 6519.12, 4639483, 2305
621, 1, 127, 462, 323, 0, 30.64%, 0, 0, 11, 6645.18, 4672911, 2305
626, 1, 111, 462, 323, 0, 30.64%, 0, 0, 11, 6605.82, 4706123, 2305
631, 1, 318, 463, 324, 0, 30.64%, 0, 0, 11, 6251.27, 4737920, 2305
636, 1, 111, 465, 325, 0, 30.64%, 0, 0, 11, 6986.51, 4773119, 2305
641, 1, 296, 466, 324, 0, 30.64%, 0, 0, 11, 7086.94, 4821917, 2305
646, 1, 188, 469, 327, 0, 30.64%, 0, 0, 11, 7477.92, 4859382, 2305
652, 1, 111, 470, 327, 0, 30.64%, 0, 0, 11, 7625.09, 4899678, 2305
657, 1, 295, 471, 328, 0, 30.64%, 0, 0, 11, 8038.51, 4940509, 2305
662, 1, 418, 472, 328, 0, 30.64%, 0, 0, 11, 8040.25, 4981335, 2305
667, 1, 51, 472, 327, 0, 30.64%, 0, 0, 11, 7464.12, 5019282, 2305
672, 1, 111, 472, 326, 0, 30.64%, 0, 0, 11, 8080.22, 5070852, 2305
677, 1, 109, 472, 326, 0, 30.64%, 0, 0, 11, 8186.37, 5112057, 2305
682, 1, 382, 472, 326, 0, 30.64%, 0, 0, 11, 8137.70, 5153354, 2305
687, 1, 380, 473, 327, 0, 30.64%, 0, 0, 11, 8257.72, 5195237, 2305
692, 1, 121, 474, 328, 0, 30.64%, 0, 0, 11, 8147.46, 5235961, 2305
697, 1, 388, 475, 329, 0, 30.64%, 0, 0, 11, 8019.88, 5274878, 2305
702, 1, 111, 475, 329, 0, 30.64%, 0, 0, 11, 7880.57, 5326923, 2305
707, 1, 69, 475, 329, 0, 30.64%, 0, 0, 11, 8052.16, 5369161, 2305
712, 1, 94, 475, 328, 0, 30.64%, 0, 0, 11, 8083.86, 5411358, 2305
717, 1, 295, 475, 328, 0, 30.64%, 0, 0, 11, 8167.10, 5453923, 2305
723, 1, 237, 476, 329, 0, 30.64%, 0, 0, 11, 8383.62, 5496935, 2305
728, 1, 121, 477, 330, 0, 30.64%, 0, 0, 11, 7978.11, 5536956, 2305
733, 1, 109, 478, 331, 0, 30.64%, 0, 0, 11, 7461.25, 5589310, 2305
738, 1, 324, 478, 331, 0, 30.64%, 0, 0, 11, 8008.99, 5630188, 2305
743, 1, 109, 478, 331, 0, 30.64%, 0, 0, 11, 7768.62, 5669356, 2305
748, 1, 380, 479, 332, 0, 30.64%, 0, 0, 11, 8497.95, 5713969, 2305
753, 1, 111, 481, 334, 0, 30.64%, 0, 0, 11, 8466.64, 5756684, 2305
758, 1, 137, 481, 334, 0, 30.64%, 0, 0, 11, 7138.74, 5792994, 2305
763, 2, 485, 550, 401, 1, 30.64%, 0, 0, 11, 7123.61, 5843864, 2305
769, 2, 380, 550, 400, 0, 30.64%, 0, 0, 11, 7645.65, 5884409, 2305
774, 2, 111, 550, 400, 0, 30.64%, 0, 0, 11, 7919.26, 5925610, 2305
779, 2, 324, 550, 400, 0, 30.64%, 0, 0, 11, 8173.84, 5968467, 2305
784, 2, 139, 550, 400, 0, 30.64%, 0, 0, 11, 8004.94, 6008931, 2305
789, 2, 115, 550, 400, 0, 30.64%, 0, 0, 11, 7521.64, 6046304, 2305
794, 2, 198, 552, 401, 0, 30.64%, 0, 0, 11, 8226.21, 6099375, 2305
799, 2, 293, 552, 401, 0, 30.64%, 0, 0, 11, 8112.46, 6140082, 2305
804, 2, 111, 552, 401, 0, 30.64%, 0, 0, 11, 7885.87, 6179007, 2305
809, 2, 111, 552, 401, 0, 30.64%, 0, 0, 11, 7626.43, 6217377, 2305
814, 2, 18, 552, 400, 0, 30.64%, 0, 0, 11, 8022.75, 6257819, 2305
819, 2, 160, 552, 400, 0, 30.64%, 0, 0, 11, 7907.93, 6296976, 2305
825, 2, 111, 552, 400, 0, 30.64%, 0, 0, 11, 7956.46, 6335880, 2305
823, 2, 111, 552, 400, 0, 30.64%, 0, 0, 11, 0.00, 6336011, 2305
828, 2, 323, 554, 402, 0, 30.64%, 0, 0, 11, 7609.70, 6374827, 2305
833, 2, 198, 555, 402, 0, 30.64%, 0, 0, 11, 7127.32, 6411300, 2305
838, 2, 109, 556, 403, 0, 30.64%, 0, 0, 11, 7725.01, 6451495, 2305
843, 2, 160, 556, 403, 0, 30.64%, 0, 0, 11, 7752.13, 6491367, 2305
848, 2, 121, 556, 402, 0, 30.64%, 0, 0, 11, 8181.08, 6533795, 2305
853, 2, 61, 556, 402, 0, 30.64%, 0, 0, 11, 8259.69, 6575723, 2305
858, 2, 51, 556, 402, 0, 30.64%, 0, 0, 11, 8218.23, 6624538, 2305
863, 2, 160, 556, 402, 0, 30.64%, 0, 0, 11, 7275.58, 6658837, 2305
869, 2, 41, 556, 402, 0, 30.64%, 0, 0, 11, 7579.98, 6697010, 2305
874, 2, 61, 556, 402, 0, 30.64%, 0, 0, 11, 8028.45, 6737108, 2305
879, 2, 48, 556, 402, 0, 30.64%, 0, 0, 11, 7715.31, 6776653, 2305
884, 2, 282, 556, 402, 0, 30.64%, 0, 0, 11, 7202.70, 6814815, 2305
889, 2, 46, 556, 401, 0, 30.64%, 0, 0, 11, 6298.96, 6855324, 2305
894, 2, 282, 556, 401, 0, 30.64%, 0, 0, 11, 7058.66, 6890406, 2305
899, 2, 110, 556, 401, 0, 30.64%, 0, 0, 11, 7136.45, 6926996, 2305
904, 2, 282, 556, 401, 0, 30.64%, 0, 0, 11, 7638.84, 6965869, 2305
909, 2, 137, 556, 401, 0, 30.64%, 0, 0, 11, 7976.31, 7008046, 2305
915, 2, 110, 556, 401, 0, 30.64%, 0, 0, 11, 7913.70, 7048891, 2305
920, 2, 118, 556, 401, 0, 30.64%, 0, 0, 11, 8033.63, 7100898, 2305
925, 2, 51, 556, 401, 0, 30.64%, 0, 0, 11, 7525.37, 7138212, 2305
930, 2, 51, 558, 403, 0, 30.64%, 0, 0, 11, 6327.53, 7170343, 2305
935, 2, 380, 559, 404, 0, 30.64%, 0, 0, 11, 7425.28, 7207761, 2305
940, 2, 110, 561, 406, 0, 30.64%, 0, 0, 11, 7898.67, 7248118, 2305
945, 2, 111, 561, 404, 0, 30.64%, 0, 0, 11, 7644.75, 7287583, 2305
950, 2, 137, 561, 404, 0, 30.64%, 0, 0, 11, 8309.17, 7339298, 2305
955, 2, 235, 561, 404, 0, 30.64%, 0, 0, 11, 7837.20, 7378755, 2305
960, 2, 445, 562, 404, 0, 30.64%, 0, 0, 11, 7732.80, 7417988, 2305
965, 2, 111, 562, 403, 0, 30.64%, 0, 0, 11, 7807.69, 7457090, 2305
970, 2, 31, 562, 403, 0, 30.64%, 0, 0, 11, 7612.91, 7495400, 2305
975, 2, 111, 562, 403, 0, 30.64%, 0, 0, 11, 7781.91, 7534017, 2305
980, 2, 84, 562, 403, 0, 30.64%, 0, 0, 11, 7516.17, 7579927, 2305
985, 2, 109, 562, 403, 0, 30.64%, 0, 0, 11, 7773.84, 7618977, 2305
990, 2, 168, 562, 403, 0, 30.64%, 0, 0, 11, 7687.82, 7658309, 2305
996, 2, 111, 562, 402, 0, 30.64%, 0, 0, 11, 7770.75, 7697654, 2305
1001, 2, 111, 562, 402, 0, 30.64%, 0, 0, 11, 7759.88, 7735537, 2305
1006, 2, 108, 562, 402, 0, 30.64%, 0, 0, 11, 7460.79, 7773757, 2305
1011, 2, 112, 562, 402, 0, 30.64%, 0, 0, 11, 8130.85, 7816239, 2305
1009, 2, 112, 562, 402, 0, 30.64%, 0, 0, 11, 0.00, 7817054, 2305
1015, 2, 109, 562, 402, 0, 30.64%, 0, 0, 11, 7696.55, 7855297, 2305
1020, 2, 324, 562, 402, 0, 30.64%, 0, 0, 11, 7484.84, 7893507, 2305
1025, 2, 380, 563, 403, 0, 30.64%, 0, 0, 11, 8217.31, 7935104, 2305
1030, 2, 77, 563, 403, 0, 30.64%, 0, 0, 11, 7848.25, 7976494, 2305
1035, 2, 58, 563, 402, 0, 30.64%, 0, 0, 11, 8059.11, 8016910, 2305
1040, 2, 239, 563, 402, 0, 30.64%, 0, 0, 11, 7935.36, 8057370, 2305
1045, 2, 111, 563, 401, 0, 30.64%, 0, 0, 11, 7863.99, 8109258, 2305
1050, 2, 118, 563, 401, 0, 30.64%, 0, 0, 11, 7625.15, 8147115, 2305
1055, 2, 108, 563, 401, 0, 30.64%, 0, 0, 11, 8198.07, 8189169, 2305
1061, 2, 121, 563, 401, 0, 30.64%, 0, 0, 11, 8197.39, 8231310, 2305
1066, 2, 293, 563, 401, 0, 30.64%, 0, 0, 11, 8136.75, 8272410, 2305
1071, 2, 382, 563, 401, 0, 30.64%, 0, 0, 11, 8178.30, 8314669, 2305
1076, 2, 116, 563, 401, 0, 30.64%, 0, 0, 11, 8302.76, 8363991, 2305
1081, 2, 111, 563, 399, 0, 30.64%, 0, 0, 11, 7916.39, 8403275, 2305
1086, 2, 321, 563, 399, 0, 30.64%, 0, 0, 11, 7263.18, 8440048, 2305
1091, 2, 380, 563, 398, 0, 30.64%, 0, 0, 11, 7806.70, 8478486, 2305
1096, 2, 110, 563, 398, 0, 30.64%, 0, 0, 11, 7948.76, 8518565, 2305
1101, 2, 87, 564, 399, 0, 30.64%, 0, 0, 11, 7992.89, 8559069, 2305
1106, 2, 111, 564, 398, 0, 30.64%, 0, 0, 11, 8159.62, 8612474, 2305
1111, 2, 127, 564, 398, 0, 30.64%, 0, 0, 11, 8050.50, 8653048, 2305
1116, 2, 46, 564, 397, 0, 30.64%, 0, 0, 11, 8025.49, 8693421, 2305
1121, 2, 192, 564, 397, 0, 30.64%, 0, 0, 11, 8120.57, 8734570, 2305
1127, 2, 388, 564, 397, 0, 30.64%, 0, 0, 11, 7918.68, 8775520, 2305
1132, 2, 380, 564, 397, 0, 30.64%, 0, 0, 11, 8047.50, 8816124, 2305
1137, 2, 282, 565, 398, 0, 30.64%, 0, 0, 11, 1507.12, 8864762, 2305
1142, 2, 111, 568, 401, 0, 30.64%, 0, 0, 11, 5908.12, 8900523, 2305
1147, 2, 237, 570, 403, 0, 30.64%, 0, 0, 11, 7195.26, 8938883, 2305
1152, 2, 137, 570, 403, 0, 30.64%, 0, 0, 11, 6941.86, 8974161, 2305
1157, 2, 121, 594, 427, 0, 31.24%, 0, 0, 11, 5315.58, 8999780, 2350
1162, 2, 573, 608, 441, 1, 31.24%, 0, 0, 11, 4825.78, 9024634, 2350
1167, 2, 573, 617, 450, 1, 31.24%, 0, 0, 11, 5445.97, 9055635, 2350
1173, 2, 573, 617, 450, 1, 31.24%, 0, 0, 11, 5211.90, 9088190, 2350
1178, 2, 573, 617, 450, 1, 31.24%, 0, 0, 11, 3757.79, 9104735, 2350
1183, 2, 324, 618, 450, 0, 31.24%, 0, 0, 11, 4785.29, 9127598, 2350
1188, 2, 115, 618, 449, 0, 31.24%, 0, 0, 11, 6191.97, 9159748, 2350
1193, 2, 139, 620, 451, 0, 31.24%, 0, 0, 11, 6961.89, 9195609, 2350
1198, 2, 167, 632, 463, 0, 31.24%, 0, 0, 11, 2133.21, 9230212, 2350
1203, 2, 167, 636, 467, 0, 31.24%, 0, 0, 11, 1963.52, 9240375, 2350
1208, 2, 295, 639, 470, 0, 31.24%, 0, 0, 11, 4507.05, 9262845, 2350
1213, 2, 380, 640, 471, 0, 31.24%, 0, 0, 11, 7113.44, 9291728, 2350
1218, 2, 137, 640, 469, 0, 31.24%, 0, 0, 11, 6947.57, 9325711, 2350
1223, 2, 165, 641, 470, 0, 31.24%, 0, 0, 11, 304.26, 9341892, 2350
1228, 2, 51, 641, 469, 0, 31.24%, 0, 0, 11, 6086.73, 9370882, 2350
1233, 2, 160, 641, 469, 0, 31.24%, 0, 0, 11, 6073.68, 9401371, 2350
1238, 2, 110, 644, 472, 0, 31.24%, 0, 0, 11, 6243.51, 9429366, 2350
1243, 2, 382, 644, 472, 0, 31.24%, 0, 0, 11, 6801.45, 9464173, 2350
1249, 2, 111, 644, 471, 0, 31.24%, 0, 0, 11, 6546.91, 9496975, 2350
1254, 2, 112, 644, 471, 0, 31.24%, 0, 0, 11, 5534.52, 9518254, 2350
1259, 2, 216, 644, 471, 0, 31.24%, 0, 0, 11, 3690.99, 9539570, 2350
1257, 2, 216, 644, 471, 0, 31.24%, 0, 0, 11, 0.00, 9540250, 2350
1262, 2, 236, 645, 472, 0, 31.24%, 0, 0, 11, 7178.57, 9567882, 2350
1267, 2, 121, 647, 473, 0, 31.24%, 0, 0, 11, 6805.10, 9602899, 2350
1273, 2, 121, 647, 473, 0, 31.24%, 0, 0, 11, 729.38, 9628006, 2350
1278, 2, 121, 647, 473, 0, 31.24%, 0, 0, 11, 6308.46, 9659573, 2350
1283, 2, 380, 647, 473, 0, 31.24%, 0, 0, 11, 6949.92, 9695495, 2350
1288, 2, 48, 647, 473, 0, 31.24%, 0, 0, 11, 6319.46, 9717534, 2350
1293, 2, 111, 648, 474, 0, 31.24%, 0, 0, 11, 6732.83, 9759312, 2350
1298, 2, 264, 648, 474, 0, 31.24%, 0, 0, 11, 6718.95, 9790710, 2350
1303, 3, 282, 674, 500, 0, 31.24%, 0, 0, 11, 6120.93, 9819051, 2350
1308, 3, 121, 674, 500, 0, 31.24%, 0, 0, 11, 6384.65, 9851720, 2350
1313, 3, 121, 674, 500, 0, 31.24%, 0, 0, 11, 6730.00, 9883360, 2350
1318, 3, 46, 674, 499, 0, 31.24%, 0, 0, 11, 6793.25, 9916856, 2350
1324, 3, 111, 674, 499, 0, 31.24%, 0, 0, 11, 5912.40, 9956541, 2350
1329, 3, 111, 674, 499, 0, 31.24%, 0, 0, 11, 7147.58, 9989042, 2350
1334, 3, 137, 675, 499, 0, 31.24%, 0, 0, 11, 6989.42, 10024317, 2350
1339, 3, 111, 675, 499, 0, 31.24%, 0, 0, 11, 7106.41, 10059849, 2350
1344, 3, 324, 675, 499, 0, 31.24%, 0, 0, 11, 6006.47, 10089792, 2350
1349, 3, 382, 675, 499, 0, 31.24%, 0, 0, 11, 6608.49, 10124458, 2350
1354, 3, 46, 675, 499, 0, 31.24%, 0, 0, 11, 1740.25, 10149102, 2350
1359, 3, 118, 675, 499, 0, 31.24%, 0, 0, 11, 5339.27, 10180053, 2350
1364, 3, 111, 675, 499, 0, 31.24%, 0, 0, 11, 6063.77, 10210888, 2350
1369, 3, 118, 676, 499, 0, 31.24%, 0, 0, 11, 7282.00, 10242690, 2350
1374, 3, 109, 676, 499, 0, 31.24%, 0, 0, 11, 987.18, 10274825, 2350
1380, 3, 282, 676, 499, 0, 31.24%, 0, 0, 11, 6418.68, 10307685, 2350
1385, 3, 111, 677, 499, 0, 31.24%, 0, 0, 11, 6353.76, 10345536, 2350
1390, 3, 380, 677, 499, 0, 31.24%, 0, 0, 11, 6271.86, 10374880, 2350
1395, 3, 121, 677, 499, 0, 31.24%, 0, 0, 11, 6699.02, 10410263, 2350
1400, 3, 121, 678, 500, 0, 31.24%, 0, 0, 11, 6018.04, 10438949, 2350
1405, 3, 121, 678, 500, 0, 31.24%, 0, 0, 11, 5739.79, 10466764, 2350
1410, 3, 261, 678, 500, 0, 31.24%, 0, 0, 11, 6279.67, 10493065, 2350
1415, 3, 268, 678, 500, 0, 31.24%, 0, 0, 11, 6561.11, 10534744, 2350
1420, 3, 382, 678, 499, 0, 31.24%, 0, 0, 11, 6525.13, 10568222, 2350
1425, 3, 137, 678, 498, 0, 31.24%, 0, 0, 11, 6692.72, 10601449, 2350
1431, 3, 382, 678, 498, 0, 31.24%, 0, 0, 11, 6822.47, 10628092, 2350
1436, 3, 380, 678, 498, 0, 31.24%, 0, 0, 11, 6972.76, 10663087, 2350
1441, 3, 183, 678, 498, 0, 31.24%, 0, 0, 11, 6587.19, 10695402, 2350
1446, 3, 93, 678, 498, 0, 31.24%, 0, 0, 11, 6750.27, 10740221, 2350
1451, 3, 111, 678, 498, 0, 31.24%, 0, 0, 11, 6595.36, 10773351, 2350
1456, 3, 111, 678, 498, 0, 31.24%, 0, 0, 11, 6889.22, 10807411, 2350
1461, 3, 322, 678, 498, 0, 31.24%, 0, 0, 11, 6486.37, 10839525, 2350
1466, 3, 137, 678, 497, 0, 31.24%, 0, 0, 11, 6770.76, 10873697, 2350
1471, 3, 121, 678, 497, 0, 31.24%, 0, 0, 11, 6599.44, 10906538, 2350
1476, 3, 382, 678, 497, 0, 31.24%, 0, 0, 11, 6873.66, 10949388, 2350
1482, 3, 523, 678, 497, 0, 31.24%, 0, 0, 11, 6662.27, 10983864, 2350
1487, 3, 159, 678, 496, 0, 31.24%, 0, 0, 11, 6595.32, 11016495, 2350
1492, 3, 61, 678, 496, 0, 31.24%, 0, 0, 11, 5765.71, 11046359, 2350
1497, 3, 31, 678, 496, 0, 31.24%, 0, 0, 11, 6615.53, 11081070, 2350
1502, 3, 380, 678, 496, 0, 31.24%, 0, 0, 11, 6698.78, 11115658, 2350
1507, 3, 111, 678, 496, 0, 31.24%, 0, 0, 11, 3565.85, 11149258, 2350
1512, 3, 298, 678, 495, 0, 31.24%, 0, 0, 11, 6167.90, 11178748, 2350
1517, 3, 137, 678, 493, 0, 31.24%, 0, 0, 11, 6325.33, 11211868, 2350
1522, 3, 380, 678, 493, 0, 31.24%, 0, 0, 11, 6232.23, 11239044, 2350
1527, 3, 46, 678, 493, 0, 31.24%, 0, 0, 11, 6833.77, 11272687, 2350
1532, 3, 109, 678, 493, 0, 31.24%, 0, 0, 11, 7064.84, 11307328, 2350
1537, 3, 121, 678, 493, 0, 31.24%, 0, 0, 11, 4821.75, 11346303, 2350
1543, 3, 121, 678, 493, 0, 31.24%, 0, 0, 11, 6356.41, 11381216, 2350
1548, 3, 293, 678, 493, 0, 31.24%, 0, 0, 11, 6872.53, 11416384, 2350
1553, 3, 127, 678, 493, 0, 31.24%, 0, 0, 11, 6813.15, 11449844, 2350
1558, 3, 111, 678, 493, 0, 31.24%, 0, 0, 11, 4280.64, 11477144, 2350
1563, 3, 110, 678, 493, 0, 31.24%, 0, 0, 11, 6157.29, 11510487, 2350
1568, 3, 121, 678, 493, 0, 31.24%, 0, 0, 11, 4483.18, 11537287, 2350
1567, 3, 121, 678, 493, 0, 31.24%, 0, 0, 11, 0.00, 11539033, 2350
1572, 3, 137, 678, 493, 0, 31.24%, 0, 0, 11, 6570.95, 11572534, 2350
1577, 3, 109, 678, 493, 0, 31.24%, 0, 0, 11, 6803.39, 11602023, 2350
1583, 3, 109, 678, 492, 0, 31.24%, 0, 0, 11, 6061.20, 11630525, 2350
1588, 3, 84, 678, 492, 0, 31.24%, 0, 0, 11, 6016.12, 11660462, 2350
1593, 3, 139, 678, 492, 0, 31.24%, 0, 0, 11, 6290.54, 11692311, 2350
1598, 3, 110, 678, 492, 0, 31.24%, 0, 0, 11, 6194.26, 11723499, 2350
1603, 3, 121, 678, 492, 0, 31.24%, 0, 0, 11, 6334.12, 11757349, 2350
1608, 3, 137, 678, 492, 0, 31.24%, 0, 0, 11, 5019.15, 11784844, 2350
1613, 3, 111, 678, 492, 0, 31.24%, 0, 0, 11, 5433.08, 11814387, 2350
1618, 3, 118, 678, 492, 0, 31.24%, 0, 0, 11, 5523.34, 11843317, 2350
1623, 3, 170, 678, 492, 0, 31.24%, 0, 0, 11, 5921.19, 11874270, 2350
1628, 3, 380, 678, 492, 0, 31.24%, 0, 0, 11, 5997.39, 11904276, 2350
1633, 3, 217, 678, 492, 0, 31.24%, 0, 0, 11, 6138.08, 11945031, 2350
1639, 3, 111, 678, 491, 0, 31.24%, 0, 0, 11, 5978.99, 11975565, 2350
1644, 3, 31, 678, 491, 0, 31.24%, 0, 0, 11, 5464.91, 12003391, 2350
1649, 3, 111, 678, 491, 0, 31.24%, 0, 0, 11, 373.72, 12029131, 2350
1654, 3, 369, 678, 491, 0, 31.24%, 0, 0, 11, 417.22, 12049428, 2350
1659, 3, 159, 679, 491, 0, 31.24%, 0, 0, 11, 4747.58, 12072345, 2350
1664, 3, 121, 679, 491, 0, 31.24%, 0, 0, 11, 5794.41, 12109586, 2350
1669, 3, 110, 679, 491, 0, 31.24%, 0, 0, 11, 5421.74, 12134412, 2350
1674, 3, 121, 679, 491, 0, 31.24%, 0, 0, 11, 5952.14, 12166092, 2350
1679, 3, 111, 679, 491, 0, 31.24%, 0, 0, 11, 4186.62, 12186961, 2350
1685, 3, 111, 679, 490, 0, 31.24%, 0, 0, 11, 5421.04, 12216056, 2350
1690, 3, 137, 679, 490, 0, 31.24%, 0, 0, 11, 4693.75, 12231696, 2350
1695, 3, 457, 679, 490, 0, 31.24%, 0, 0, 11, 5386.73, 12267291, 2350
1700, 3, 178, 679, 489, 0, 31.24%, 0, 0, 11, 5899.25, 12297867, 2350
1705, 3, 185, 679, 489, 0, 31.24%, 0, 0, 11, 5968.94, 12327204, 2350
1710, 3, 272, 679, 489, 0, 31.24%, 0, 0, 11, 6125.55, 12358232, 2350
1715, 3, 380, 679, 488, 0, 31.24%, 0, 0, 11, 6567.24, 12390289, 2350
1720, 3, 62, 679, 488, 0, 31.24%, 0, 0, 11, 3513.53, 12417868, 2350
1722, 3, 261, 679, 488, 0, 31.24%, 0, 0, 11, 5013.06, 12430085, 2350
