# relative_time, cycles_done, cur_item, corpus_count, pending_total, pending_favs, map_size, saved_crashes, saved_hangs, max_depth, execs_per_sec, total_execs, edges_found
60, 0, 118, 333, 221, 0, 29.63%, 0, 0, 5, 4594.70, 283077, 2229
65, 0, 119, 338, 225, 0, 29.63%, 0, 0, 5, 4577.05, 306507, 2229
71, 0, 143, 344, 231, 0, 29.63%, 0, 0, 5, 4583.35, 330211, 2229
76, 0, 174, 348, 234, 0, 29.64%, 0, 0, 5, 4458.94, 359120, 2230
81, 0, 349, 356, 242, 1, 30.15%, 0, 0, 5, 4547.50, 381966, 2268
86, 0, 177, 356, 241, 0, 30.15%, 0, 0, 5, 4579.19, 405737, 2268
91, 0, 215, 358, 243, 0, 30.15%, 0, 0, 5, 4584.36, 429509, 2268
96, 0, 206, 363, 248, 0, 30.15%, 0, 0, 5, 4627.80, 453419, 2268
101, 0, 194, 365, 250, 0, 30.15%, 0, 0, 5, 4631.05, 476731, 2268
106, 1, 228, 369, 251, 0, 30.15%, 0, 0, 5, 4597.80, 506747, 2268
111, 1, 93, 371, 252, 1, 30.16%, 0, 0, 5, 4066.06, 528320, 2269
116, 1, 310, 373, 252, 0, 30.17%, 0, 0, 5, 3840.74, 546959, 2270
121, 1, 126, 375, 253, 0, 30.17%, 0, 0, 5, 4378.17, 569964, 2270
127, 1, 217, 380, 256, 0, 30.17%, 0, 0, 5, 4600.60, 593892, 2270
132, 1, 189, 382, 256, 0, 30.17%, 0, 0, 6, 4639.53, 618083, 2270
137, 1, 113, 385, 257, 0, 30.17%, 0, 0, 6, 4658.74, 648695, 2270
142, 1, 395, 396, 267, 2, 30.21%, 0, 0, 6, 4513.10, 671194, 2273
147, 1, 81, 400, 269, 0, 30.21%, 0, 0, 6, 4325.15, 693063, 2273
152, 1, 116, 401, 268, 0, 30.21%, 0, 0, 6, 4101.44, 714245, 2273
157, 1, 53, 405, 269, 0, 30.21%, 0, 0, 6, 4480.77, 738023, 2273
163, 1, 307, 406, 270, 0, 30.21%, 0, 0, 6, 4516.70, 761253, 2273
168, 1, 160, 409, 273, 0, 30.21%, 0, 0, 6, 4655.04, 791302, 2273
173, 2, 210, 473, 327, 2, 31.24%, 0, 0, 6, 4590.64, 814784, 2350
178, 2, 444, 473, 323, 0, 31.24%, 0, 0, 6, 4601.98, 838445, 2350
183, 2, 35, 475, 325, 0, 31.24%, 0, 0, 6, 4614.44, 862335, 2350
188, 2, 450, 475, 325, 0, 31.24%, 0, 0, 6, 4622.81, 886122, 2350
194, 2, 415, 475, 324, 0, 31.24%, 0, 0, 6, 4580.77, 910061, 2350
199, 2, 162, 475, 324, 0, 31.24%, 0, 0, 6, 4630.78, 940049, 2350
204, 2, 92, 477, 325, 0, 31.24%, 0, 0, 6, 4577.20, 963804, 2350
209, 2, 49, 477, 322, 0, 31.24%, 0, 0, 6, 4605.01, 987586, 2350
214, 2, 468, 478, 322, 0, 31.24%, 0, 0, 6, 4557.87, 1011169, 2350
219, 2, 162, 478, 320, 0, 31.24%, 0, 0, 6, 4626.86, 1034774, 2350
224, 2, 54, 480, 322, 0, 31.24%, 0, 0, 6, 4568.41, 1058128, 2350
229, 2, 124, 480, 322, 0, 31.24%, 0, 0, 6, 4582.90, 1087658, 2350
235, 2, 35, 480, 319, 0, 31.24%, 0, 0, 6, 4595.16, 1111113, 2350
240, 2, 443, 481, 320, 0, 31.24%, 0, 0, 6, 4571.78, 1134016, 2350
245, 3, 189, 496, 332, 0, 31.24%, 0, 0, 6, 4585.31, 1157415, 2350
250, 3, 49, 497, 329, 0, 31.24%, 0, 0, 6, 4552.27, 1180957, 2350
255, 3, 46, 498, 329, 0, 31.24%, 0, 0, 6, 4596.70, 1204038, 2350
260, 3, 143, 498, 327, 0, 31.24%, 0, 0, 6, 4611.63, 1234496, 2350
265, 3, 286, 498, 325, 0, 31.24%, 0, 0, 6, 4629.18, 1257692, 2350
270, 3, 163, 498, 325, 0, 31.24%, 0, 0, 6, 4639.39, 1281760, 2350
275, 3, 210, 498, 323, 0, 31.24%, 0, 0, 6, 4523.84, 1305229, 2350
280, 3, 204, 498, 323, 0, 31.24%, 0, 0, 6, 4584.77, 1328565, 2350
286, 3, 273, 498, 322, 0, 31.24%, 0, 0, 6, 4623.56, 1352332, 2350
291, 3, 93, 498, 317, 0, 31.24%, 0, 0, 6, 4597.93, 1382546, 2350
296, 3, 204, 499, 316, 0, 31.24%, 0, 0, 6, 4589.71, 1406424, 2350
301, 3, 275, 499, 314, 0, 31.24%, 0, 0, 6, 4585.25, 1429764, 2350
306, 3, 49, 499, 314, 0, 31.24%, 0, 0, 6, 4609.10, 1453347, 2350
311, 3, 96, 499, 314, 0, 31.24%, 0, 0, 6, 4631.12, 1477233, 2350
316, 4, 54, 512, 327, 0, 31.24%, 0, 0, 6, 4669.82, 1501332, 2350
321, 4, 70, 512, 326, 0, 31.24%, 0, 0, 6, 4526.55, 1531347, 2350
326, 4, 440, 512, 326, 0, 31.24%, 0, 0, 6, 4526.75, 1554306, 2350
332, 4, 1, 514, 328, 0, 31.24%, 0, 0, 6, 4590.66, 1578142, 2350
337, 4, 160, 516, 328, 0, 31.24%, 0, 0, 6, 4580.26, 1601776, 2350
342, 4, 279, 516, 326, 0, 31.24%, 0, 0, 6, 4579.58, 1625297, 2350
347, 4, 279, 517, 327, 0, 31.24%, 0, 0, 6, 4412.27, 1648207, 2350
352, 4, 356, 517, 326, 0, 31.24%, 0, 0, 6, 4644.24, 1678727, 2350
357, 4, 160, 517, 325, 0, 31.24%, 0, 0, 6, 4534.59, 1701836, 2350
363, 4, 174, 517, 324, 0, 31.24%, 0, 0, 6, 4541.94, 1724924, 2350
368, 4, 440, 517, 322, 0, 31.24%, 0, 0, 6, 4545.70, 1747858, 2350
373, 4, 35, 517, 322, 0, 31.24%, 0, 0, 6, 4492.70, 1770898, 2350
378, 4, 92, 517, 321, 0, 31.24%, 0, 0, 6, 4443.37, 1793497, 2350
383, 4, 215, 517, 319, 0, 31.24%, 0, 0, 6, 4603.47, 1823300, 2350
388, 5, 371, 520, 321, 0, 31.24%, 0, 0, 6, 4554.33, 1846572, 2350
393, 5, 54, 520, 321, 0, 31.24%, 0, 0, 6, 4619.66, 1870530, 2350
399, 5, 168, 520, 320, 0, 31.24%, 0, 0, 6, 4573.85, 1894303, 2350
404, 5, 415, 522, 321, 0, 31.24%, 0, 0, 6, 4578.08, 1918054, 2350
409, 5, 117, 522, 320, 0, 31.24%, 0, 0, 6, 4621.68, 1941974, 2350
414, 5, 194, 522, 320, 0, 31.24%, 0, 0, 6, 4586.61, 1972453, 2350
419, 5, 143, 522, 320, 0, 31.24%, 0, 0, 6, 4611.66, 1996262, 2350
424, 5, 113, 523, 318, 0, 31.24%, 0, 0, 6, 4592.88, 2019907, 2350
430, 5, 189, 524, 319, 0, 31.24%, 0, 0, 6, 4555.69, 2043180, 2350
435, 5, 35, 525, 318, 0, 31.24%, 0, 0, 6, 4547.08, 2066385, 2350
440, 5, 275, 525, 318, 0, 31.24%, 0, 0, 6, 4585.49, 2089334, 2350
445, 5, 35, 526, 318, 0, 31.24%, 0, 0, 6, 4492.30, 2118783, 2350
450, 5, 35, 526, 318, 0, 31.24%, 0, 0, 6, 4491.52, 2141203, 2350
455, 5, 54, 526, 316, 0, 31.24%, 0, 0, 6, 4539.58, 2164710, 2350
460, 5, 440, 527, 315, 0, 31.24%, 0, 0, 6, 4408.77, 2187617, 2350
465, 6, 55, 535, 321, 0, 31.24%, 0, 0, 6, 4488.54, 2210719, 2350
470, 6, 54, 535, 321, 0, 31.24%, 0, 0, 6, 4522.35, 2234185, 2350
475, 6, 322, 536, 322, 0, 31.24%, 0, 0, 6, 4541.18, 2264215, 2350
481, 6, 143, 536, 321, 0, 31.24%, 0, 0, 6, 4280.66, 2285873, 2350
486, 6, 126, 536, 320, 0, 31.24%, 0, 0, 6, 4554.77, 2309615, 2350
491, 6, 160, 536, 320, 0, 31.24%, 0, 0, 6, 4578.51, 2333178, 2350
496, 6, 210, 536, 319, 0, 31.24%, 0, 0, 6, 4627.87, 2357122, 2350
501, 6, 497, 536, 319, 0, 31.24%, 0, 0, 6, 4644.48, 2381011, 2350
506, 6, 55, 536, 318, 0, 31.24%, 0, 0, 6, 4693.53, 2412011, 2350
512, 6, 191, 536, 318, 0, 31.24%, 0, 0, 6, 4605.41, 2435650, 2350
517, 6, 440, 536, 317, 0, 31.24%, 0, 0, 6, 4487.16, 2458947, 2350
522, 6, 356, 536, 316, 0, 31.24%, 0, 0, 6, 4548.12, 2482583, 2350
527, 6, 370, 536, 315, 0, 31.24%, 0, 0, 6, 4563.58, 2506259, 2350
532, 6, 450, 537, 316, 0, 31.24%, 0, 0, 6, 4589.69, 2529840, 2350
537, 7, 371, 540, 316, 0, 31.24%, 0, 0, 6, 4510.61, 2559699, 2350
542, 7, 370, 540, 316, 0, 31.24%, 0, 0, 6, 4596.30, 2582785, 2350
547, 7, 92, 540, 312, 0, 31.24%, 0, 0, 6, 4651.11, 2606584, 2350
553, 7, 116, 541, 311, 0, 31.24%, 0, 0, 6, 4620.42, 2630209, 2350
558, 7, 440, 542, 312, 0, 31.24%, 0, 0, 6, 4551.53, 2653906, 2350
563, 7, 49, 542, 312, 0, 31.24%, 0, 0, 6, 4606.12, 2677562, 2350
568, 7, 262, 542, 310, 0, 31.24%, 0, 0, 6, 4584.28, 2708163, 2350
573, 7, 93, 542, 310, 0, 31.24%, 0, 0, 6, 4615.48, 2731957, 2350
578, 7, 94, 542, 310, 0, 31.24%, 0, 0, 6, 4531.16, 2755133, 2350
583, 7, 92, 542, 309, 0, 31.24%, 0, 0, 6, 4602.33, 2778846, 2350
589, 7, 191, 542, 308, 0, 31.24%, 0, 0, 6, 4632.52, 2802742, 2350
594, 7, 92, 542, 307, 0, 31.24%, 0, 0, 6, 4671.68, 2826639, 2350
599, 7, 52, 543, 307, 0, 31.24%, 0, 0, 6, 4628.50, 2856551, 2350
604, 8, 262, 550, 313, 0, 31.24%, 0, 0, 6, 4652.45, 2880242, 2350
609, 8, 444, 553, 316, 0, 31.24%, 0, 0, 6, 4599.62, 2903321, 2350
614, 8, 189, 556, 318, 0, 31.24%, 0, 0, 6, 4287.63, 2925654, 2350
619, 8, 443, 557, 318, 0, 31.24%, 0, 0, 6, 4494.28, 2948455, 2350
624, 8, 440, 561, 321, 0, 31.24%, 0, 0, 6, 4394.96, 2970587, 2350
629, 8, 425, 561, 321, 0, 31.24%, 0, 0, 6, 4594.38, 2999131, 2350
635, 8, 70, 561, 317, 0, 31.24%, 0, 0, 6, 4508.10, 3022422, 2350
640, 8, 279, 561, 315, 0, 31.24%, 0, 0, 6, 4496.57, 3045358, 2350
645, 8, 177, 561, 313, 0, 31.24%, 0, 0, 6, 4562.25, 3068827, 2350
650, 8, 98, 561, 313, 0, 31.24%, 0, 0, 6, 4645.92, 3093007, 2350
655, 8, 279, 561, 312, 0, 31.24%, 0, 0, 6, 4595.94, 3116573, 2350
660, 8, 70, 562, 312, 0, 31.24%, 0, 0, 6, 4593.88, 3146144, 2350
665, 8, 92, 562, 311, 0, 31.24%, 0, 0, 6, 4631.37, 3169919, 2350
671, 8, 104, 562, 309, 0, 31.24%, 0, 0, 6, 4623.21, 3193867, 2350
676, 8, 59, 563, 310, 0, 31.24%, 0, 0, 6, 4567.27, 3217465, 2350
681, 9, 410, 586, 331, 0, 31.24%, 0, 0, 6, 4527.28, 3239510, 2350
686, 9, 143, 586, 330, 0, 31.24%, 0, 0, 6, 4591.40, 3263270, 2350
691, 9, 159, 586, 328, 0, 31.24%, 0, 0, 6, 4605.95, 3293658, 2350
696, 9, 116, 587, 328, 0, 31.24%, 0, 0, 6, 4575.91, 3317284, 2350
701, 9, 116, 588, 327, 0, 31.24%, 0, 0, 6, 4546.40, 3340833, 2350
706, 9, 159, 588, 326, 0, 31.24%, 0, 0, 6, 4491.72, 3363030, 2350
712, 9, 91, 588, 326, 0, 31.24%, 0, 0, 6, 4598.60, 3386956, 2350
717, 9, 143, 589, 327, 0, 31.24%, 0, 0, 6, 4592.46, 3410704, 2350
722, 9, 49, 590, 325, 0, 31.24%, 0, 0, 6, 4471.63, 3438897, 2350
727, 9, 279, 591, 325, 0, 31.24%, 0, 0, 6, 4489.32, 3462275, 2350
732, 9, 143, 591, 325, 0, 31.24%, 0, 0, 6, 4538.09, 3485779, 2350
737, 9, 92, 593, 326, 0, 31.24%, 0, 0, 6, 4489.66, 3508973, 2350
743, 9, 91, 594, 327, 0, 31.24%, 0, 0, 6, 4557.26, 3532582, 2350
748, 9, 310, 595, 325, 0, 31.24%, 0, 0, 6, 4527.29, 3555729, 2350
753, 9, 286, 595, 324, 0, 31.24%, 0, 0, 6, 4593.40, 3585339, 2350
758, 9, 356, 596, 325, 0, 31.24%, 0, 0, 6, 4639.80, 3609355, 2350
763, 10, 440, 624, 353, 0, 31.24%, 0, 0, 6, 4505.55, 3632281, 2350
768, 10, 275, 625, 354, 0, 31.24%, 0, 0, 6, 4523.67, 3655606, 2350
773, 10, 497, 626, 353, 0, 31.24%, 0, 0, 6, 4571.37, 3678963, 2350
779, 10, 143, 626, 351, 0, 31.24%, 0, 0, 6, 4579.70, 3702334, 2350
784, 10, 113, 626, 350, 0, 31.24%, 0, 0, 6, 4746.42, 3732478, 2350
789, 10, 194, 626, 350, 0, 31.24%, 0, 0, 6, 4735.91, 3757104, 2350
794, 10, 143, 626, 348, 0, 31.24%, 0, 0, 6, 4542.90, 3780373, 2350
799, 10, 93, 626, 348, 0, 31.24%, 0, 0, 6, 4600.01, 3804128, 2350
804, 10, 279, 626, 345, 0, 31.24%, 0, 0, 6, 4669.83, 3828311, 2350
809, 10, 1, 627, 344, 0, 31.24%, 0, 0, 6, 4652.05, 3852380, 2350
814, 10, 234, 627, 343, 0, 31.24%, 0, 0, 6, 4694.88, 3881304, 2350
820, 10, 279, 627, 342, 0, 31.24%, 0, 0, 6, 4663.28, 3905393, 2350
825, 10, 92, 627, 338, 0, 31.24%, 0, 0, 6, 4659.32, 3929313, 2350
830, 10, 279, 627, 337, 0, 31.24%, 0, 0, 6, 4585.62, 3953064, 2350
835, 10, 160, 629, 339, 0, 31.24%, 0, 0, 6, 4637.22, 3977028, 2350
840, 11, 117, 659, 369, 0, 31.24%, 0, 0, 6, 4533.12, 4000089, 2350
845, 11, 168, 659, 368, 0, 31.24%, 0, 0, 6, 4578.04, 4030308, 2350
851, 11, 168, 660, 369, 0, 31.24%, 0, 0, 6, 4617.47, 4053979, 2350
856, 11, 54, 660, 368, 0, 31.24%, 0, 0, 6, 4550.77, 4077492, 2350
861, 11, 155, 661, 369, 0, 31.24%, 0, 0, 6, 4578.06, 4101166, 2350
866, 11, 143, 663, 368, 0, 31.24%, 0, 0, 6, 4593.65, 4125041, 2350
871, 11, 119, 663, 368, 0, 31.24%, 0, 0, 6, 4544.28, 4148175, 2350
876, 11, 295, 663, 367, 0, 31.24%, 0, 0, 6, 4392.06, 4177109, 2350
881, 11, 106, 663, 365, 0, 31.24%, 0, 0, 6, 4511.37, 4200168, 2350
886, 11, 230, 664, 364, 0, 31.24%, 0, 0, 6, 4630.25, 4223891, 2350
892, 11, 210, 664, 363, 0, 31.24%, 0, 0, 6, 4539.36, 4247050, 2350
897, 11, 92, 665, 363, 0, 31.24%, 0, 0, 6, 4552.63, 4270696, 2350
902, 11, 49, 665, 361, 0, 31.24%, 0, 0, 6, 4580.35, 4294369, 2350
907, 11, 356, 666, 360, 0, 31.24%, 0, 0, 6, 4661.53, 4324918, 2350
912, 11, 55, 666, 359, 0, 31.24%, 0, 0, 6, 4555.74, 4348292, 2350
917, 12, 155, 674, 366, 0, 31.24%, 0, 0, 6, 4531.87, 4371449, 2350
923, 12, 1, 674, 366, 0, 31.24%, 0, 0, 6, 4458.20, 4394506, 2350
928, 12, 162, 674, 366, 0, 31.24%, 0, 0, 6, 4531.57, 4417995, 2350
933, 12, 444, 674, 366, 0, 31.24%, 0, 0, 6, 4549.63, 4441234, 2350
938, 12, 234, 676, 367, 0, 31.24%, 0, 0, 6, 4525.29, 4470700, 2350
943, 12, 35, 676, 366, 0, 31.24%, 0, 0, 6, 4542.19, 4494432, 2350
948, 12, 440, 676, 365, 0, 31.24%, 0, 0, 6, 4413.27, 4517473, 2350
953, 12, 117, 676, 363, 0, 31.24%, 0, 0, 6, 4555.86, 4540995, 2350
958, 12, 49, 676, 363, 0, 31.24%, 0, 0, 6, 4501.26, 4563919, 2350
964, 12, 55, 676, 363, 0, 31.24%, 0, 0, 6, 4422.10, 4586319, 2350
969, 12, 105, 677, 362, 0, 31.24%, 0, 0, 6, 4536.59, 4615997, 2350
974, 12, 359, 677, 362, 0, 31.24%, 0, 0, 6, 4585.20, 4639652, 2350
979, 12, 166, 677, 361, 0, 31.24%, 0, 0, 6, 4618.05, 4663314, 2350
984, 12, 443, 678, 360, 0, 31.24%, 0, 0, 6, 4226.25, 4685727, 2350
989, 12, 322, 678, 359, 0, 31.24%, 0, 0, 6, 4361.25, 4708212, 2350
994, 12, 54, 678, 359, 0, 31.24%, 0, 0, 6, 4477.59, 4731610, 2350
1000, 12, 435, 679, 360, 0, 31.24%, 0, 0, 6, 4571.64, 4761603, 2350
1005, 12, 310, 679, 358, 0, 31.24%, 0, 0, 6, 4584.15, 4785279, 2350
1010, 13, 440, 687, 365, 0, 31.24%, 0, 0, 6, 4510.66, 4808587, 2350
1015, 13, 123, 688, 365, 0, 31.24%, 0, 0, 6, 4492.25, 4831873, 2350
1020, 13, 279, 690, 367, 0, 31.24%, 0, 0, 6, 4528.25, 4855132, 2350
1025, 13, 133, 690, 367, 0, 31.24%, 0, 0, 6, 4292.76, 4876139, 2350
1030, 13, 81, 690, 364, 0, 31.24%, 0, 0, 6, 4642.90, 4906519, 2350
1036, 13, 279, 690, 364, 0, 31.24%, 0, 0, 6, 4657.08, 4930092, 2350
1041, 13, 123, 690, 364, 0, 31.24%, 0, 0, 6, 4566.19, 4953591, 2350
1046, 13, 35, 690, 364, 0, 31.24%, 0, 0, 6, 4571.36, 4976602, 2350
1051, 13, 35, 690, 364, 0, 31.24%, 0, 0, 6, 4430.80, 4998666, 2350
1056, 13, 143, 690, 364, 0, 31.24%, 0, 0, 6, 4539.72, 5022161, 2350
1061, 13, 117, 690, 363, 0, 31.24%, 0, 0, 6, 4521.87, 5051972, 2350
1066, 13, 117, 690, 361, 0, 31.24%, 0, 0, 6, 4597.29, 5075694, 2350
1071, 13, 35, 690, 359, 0, 31.24%, 0, 0, 6, 4504.14, 5098658, 2350
1076, 13, 275, 690, 359, 0, 31.24%, 0, 0, 6, 4524.11, 5121912, 2350
1082, 13, 126, 691, 360, 0, 31.24%, 0, 0, 6, 4554.01, 5145362, 2350
1087, 13, 54, 691, 359, 0, 31.24%, 0, 0, 6, 4571.48, 5168980, 2350
1092, 13, 160, 691, 358, 0, 31.24%, 0, 0, 6, 4746.18, 5199791, 2350
1097, 14, 440, 700, 366, 0, 31.24%, 0, 0, 6, 4916.29, 5225871, 2350
1102, 14, 143, 700, 366, 0, 31.24%, 0, 0, 6, 5088.10, 5252271, 2350
1107, 14, 604, 700, 366, 0, 31.24%, 0, 0, 6, 4673.36, 5277361, 2350
1113, 14, 440, 701, 366, 0, 31.24%, 0, 0, 6, 4742.13, 5302668, 2350
1118, 14, 310, 701, 365, 0, 31.24%, 0, 0, 6, 5055.28, 5329118, 2350
1123, 14, 286, 701, 361, 0, 31.24%, 0, 0, 6, 5119.46, 5362736, 2350
1128, 14, 106, 701, 360, 0, 31.24%, 0, 0, 6, 5172.61, 5389344, 2350
1133, 14, 118, 701, 359, 0, 31.24%, 0, 0, 6, 4895.67, 5414140, 2350
1138, 14, 652, 701, 359, 0, 31.24%, 0, 0, 6, 4886.47, 5439574, 2350
1143, 14, 118, 702, 359, 0, 31.24%, 0, 0, 6, 4844.71, 5463379, 2350
1146, 14, 118, 702, 358, 0, 31.24%, 0, 0, 6, 5001.86, 5475609, 2350
