# relative_time, cycles_done, cur_item, corpus_count, pending_total, pending_favs, map_size, saved_crashes, saved_hangs, max_depth, execs_per_sec, total_execs, edges_found
61, 0, 288, 324, 239, 23, 29.83%, 0, 0, 5, 4532.55, 295570, 2244
66, 0, 249, 335, 240, 17, 29.83%, 0, 0, 6, 4520.92, 318318, 2244
71, 0, 319, 346, 228, 1, 29.84%, 0, 0, 6, 4683.22, 348146, 2245
76, 0, 283, 350, 228, 0, 29.89%, 0, 0, 6, 4617.64, 371759, 2249
81, 0, 0, 356, 234, 0, 29.89%, 0, 0, 6, 4591.44, 394847, 2249
86, 0, 111, 360, 238, 0, 29.89%, 0, 0, 6, 4621.98, 418728, 2249
92, 0, 229, 367, 244, 0, 30.00%, 0, 0, 6, 4637.05, 442868, 2257
97, 0, 105, 369, 246, 0, 30.00%, 0, 0, 6, 4616.51, 466770, 2257
102, 0, 50, 373, 250, 0, 30.00%, 0, 0, 6, 4590.21, 497054, 2257
107, 0, 47, 375, 251, 0, 30.00%, 0, 0, 6, 4638.18, 521248, 2257
112, 0, 32, 379, 255, 0, 30.00%, 0, 0, 6, 4407.23, 543581, 2257
117, 0, 254, 381, 257, 0, 30.00%, 0, 0, 6, 4534.54, 567203, 2257
123, 0, 267, 384, 260, 0, 30.00%, 0, 0, 6, 4544.60, 590869, 2257
128, 0, 316, 388, 264, 0, 30.00%, 0, 0, 6, 4599.00, 614127, 2257
133, 0, 49, 391, 266, 0, 30.00%, 0, 0, 6, 4488.25, 643845, 2257
138, 0, 188, 394, 269, 0, 30.00%, 0, 0, 6, 4631.82, 668030, 2257
143, 0, 131, 399, 273, 0, 30.00%, 0, 0, 7, 4623.91, 691841, 2257
148, 0, 317, 400, 274, 0, 30.00%, 0, 0, 7, 4427.36, 714129, 2257
153, 0, 131, 402, 274, 0, 30.07%, 0, 0, 7, 4112.92, 734313, 2262
158, 1, 228, 402, 274, 0, 30.07%, 0, 0, 7, 4053.02, 754893, 2262
163, 1, 181, 403, 274, 0, 30.07%, 0, 0, 7, 4646.78, 783803, 2262
168, 1, 115, 405, 276, 0, 30.07%, 0, 0, 7, 4688.68, 808251, 2262
174, 1, 127, 407, 278, 0, 30.07%, 0, 0, 7, 4639.28, 832411, 2262
179, 1, 42, 409, 279, 0, 30.07%, 0, 0, 7, 4669.10, 855893, 2262
184, 1, 127, 410, 280, 0, 30.07%, 0, 0, 7, 4651.30, 879788, 2262
189, 1, 43, 415, 283, 0, 30.07%, 0, 0, 7, 4589.36, 902664, 2262
194, 1, 131, 416, 282, 0, 30.07%, 0, 0, 7, 4586.67, 933437, 2262
199, 1, 319, 418, 284, 0, 30.07%, 0, 0, 7, 4630.87, 957673, 2262
204, 1, 155, 421, 287, 0, 30.07%, 0, 0, 7, 4670.45, 981961, 2262
210, 1, 229, 423, 286, 0, 30.07%, 0, 0, 7, 4651.09, 1005946, 2262
215, 1, 195, 424, 287, 0, 30.07%, 0, 0, 7, 4689.05, 1030273, 2262
220, 1, 131, 427, 288, 0, 30.07%, 0, 0, 7, 4646.31, 1054445, 2262
225, 1, 319, 429, 288, 0, 30.07%, 0, 0, 7, 4519.02, 1084917, 2262
230, 1, 229, 430, 288, 0, 30.07%, 0, 0, 7, 4596.17, 1108101, 2262
235, 1, 182, 430, 286, 0, 30.07%, 0, 0, 7, 4617.41, 1131291, 2262
240, 1, 182, 430, 286, 0, 30.07%, 0, 0, 7, 4686.01, 1155440, 2262
246, 1, 318, 430, 286, 0, 30.07%, 0, 0, 7, 4657.84, 1179601, 2262
251, 1, 316, 430, 284, 0, 30.07%, 0, 0, 7, 4671.71, 1203598, 2262
256, 1, 229, 430, 280, 0, 30.07%, 0, 0, 7, 4767.04, 1234559, 2262
261, 1, 182, 431, 281, 0, 30.07%, 0, 0, 7, 4583.34, 1257484, 2262
266, 2, 487, 489, 336, 1, 30.07%, 0, 0, 7, 3832.59, 1277071, 2262
271, 2, 487, 489, 334, 0, 30.07%, 0, 0, 7, 4470.22, 1300825, 2262
276, 2, 131, 489, 334, 0, 30.07%, 0, 0, 7, 4536.52, 1323024, 2262
281, 2, 349, 489, 334, 0, 30.07%, 0, 0, 7, 4564.88, 1346749, 2262
286, 2, 123, 489, 334, 0, 30.07%, 0, 0, 7, 4601.45, 1370502, 2262
285, 2, 276, 489, 334, 0, 30.07%, 0, 0, 7, 0.00, 1371274, 2262
290, 2, 213, 490, 335, 0, 30.07%, 0, 0, 7, 4640.16, 1395210, 2262
295, 2, 343, 490, 334, 0, 30.07%, 0, 0, 7, 4648.10, 1419409, 2262
301, 2, 182, 490, 334, 0, 30.07%, 0, 0, 7, 4641.04, 1442917, 2262
306, 2, 349, 490, 333, 0, 30.07%, 0, 0, 7, 4578.96, 1466532, 2262
311, 2, 343, 490, 332, 0, 30.07%, 0, 0, 7, 4631.36, 1490516, 2262
316, 2, 270, 490, 331, 0, 30.07%, 0, 0, 7, 4638.77, 1514428, 2262
321, 2, 182, 493, 332, 0, 30.07%, 0, 0, 7, 4684.80, 1544841, 2262
326, 2, 131, 495, 333, 0, 30.07%, 0, 0, 7, 4643.39, 1568179, 2262
331, 2, 47, 495, 332, 0, 30.07%, 0, 0, 7, 4691.86, 1592547, 2262
336, 2, 154, 496, 333, 0, 30.07%, 0, 0, 7, 4639.24, 1615859, 2262
341, 2, 114, 496, 333, 0, 30.07%, 0, 0, 7, 4644.79, 1639196, 2262
347, 2, 343, 496, 332, 0, 30.07%, 0, 0, 7, 4650.71, 1663215, 2262
352, 2, 250, 496, 332, 0, 30.07%, 0, 0, 7, 4742.90, 1694093, 2262
357, 2, 181, 496, 331, 0, 30.07%, 0, 0, 7, 4698.57, 1718313, 2262
362, 2, 131, 496, 329, 0, 30.07%, 0, 0, 7, 4509.68, 1740909, 2262
367, 2, 182, 496, 328, 0, 30.07%, 0, 0, 7, 4607.95, 1764904, 2262
372, 2, 182, 496, 327, 0, 30.07%, 0, 0, 7, 4620.12, 1788979, 2262
377, 3, 316, 515, 345, 0, 30.67%, 0, 0, 7, 4633.21, 1812896, 2307
382, 3, 229, 515, 344, 0, 30.67%, 0, 0, 7, 4648.64, 1843024, 2307
387, 3, 182, 519, 348, 0, 30.67%, 0, 0, 7, 4562.53, 1865445, 2307
393, 3, 229, 519, 348, 0, 30.67%, 0, 0, 7, 4630.47, 1889369, 2307
398, 3, 276, 519, 348, 0, 30.67%, 0, 0, 7, 4602.57, 1913021, 2307
403, 3, 129, 521, 350, 0, 30.67%, 0, 0, 7, 4551.75, 1936623, 2307
408, 3, 345, 521, 350, 0, 30.67%, 0, 0, 7, 4393.90, 1958885, 2307
413, 3, 229, 521, 349, 0, 30.67%, 0, 0, 7, 4523.35, 1989102, 2307
419, 3, 522, 523, 347, 0, 30.67%, 0, 0, 7, 4582.48, 2012725, 2307
424, 3, 522, 530, 354, 0, 30.67%, 0, 0, 7, 4364.92, 2034113, 2307
429, 3, 362, 530, 352, 0, 30.67%, 0, 0, 7, 4540.37, 2057575, 2307
434, 3, 229, 530, 352, 0, 30.67%, 0, 0, 7, 4570.06, 2080528, 2307
439, 3, 229, 530, 349, 0, 30.67%, 0, 0, 7, 4593.31, 2103626, 2307
444, 3, 182, 531, 349, 0, 30.67%, 0, 0, 7, 4566.46, 2133458, 2307
449, 3, 181, 531, 349, 0, 30.67%, 0, 0, 7, 4579.71, 2156325, 2307
454, 3, 253, 531, 348, 0, 30.67%, 0, 0, 7, 4622.71, 2180350, 2307
459, 3, 149, 533, 349, 0, 30.67%, 0, 0, 7, 4575.85, 2203887, 2307
464, 3, 229, 533, 348, 0, 30.67%, 0, 0, 7, 4588.29, 2227370, 2307
469, 3, 250, 533, 347, 0, 30.67%, 0, 0, 7, 4598.63, 2251088, 2307
475, 3, 285, 533, 345, 0, 30.67%, 0, 0, 7, 4640.70, 2281710, 2307
480, 3, 285, 533, 345, 0, 30.67%, 0, 0, 7, 4518.69, 2303964, 2307
485, 3, 32, 533, 345, 0, 30.67%, 0, 0, 7, 4550.70, 2326966, 2307
490, 3, 319, 533, 345, 0, 30.67%, 0, 0, 7, 4558.43, 2349776, 2307
495, 3, 229, 533, 344, 0, 30.67%, 0, 0, 7, 4550.95, 2373434, 2307
500, 4, 285, 546, 356, 0, 30.67%, 0, 0, 7, 4506.16, 2396826, 2307
505, 4, 78, 548, 358, 0, 30.67%, 0, 0, 7, 4616.50, 2427350, 2307
510, 4, 276, 548, 358, 0, 30.67%, 0, 0, 7, 4602.04, 2451091, 2307
515, 4, 529, 548, 358, 0, 30.67%, 0, 0, 7, 4560.54, 2474749, 2307
521, 4, 181, 548, 357, 0, 30.67%, 0, 0, 7, 4609.21, 2498713, 2307
526, 4, 266, 548, 356, 0, 30.67%, 0, 0, 7, 4626.41, 2522728, 2307
531, 4, 32, 548, 356, 0, 30.67%, 0, 0, 7, 4540.27, 2545554, 2307
536, 4, 317, 548, 356, 0, 30.67%, 0, 0, 7, 4550.61, 2575487, 2307
541, 4, 219, 548, 356, 0, 30.67%, 0, 0, 7, 4583.00, 2599255, 2307
546, 4, 188, 548, 354, 0, 30.67%, 0, 0, 7, 4630.07, 2623087, 2307
551, 4, 148, 548, 354, 0, 30.67%, 0, 0, 7, 4562.89, 2646704, 2307
557, 4, 229, 548, 354, 0, 30.67%, 0, 0, 7, 4594.97, 2670410, 2307
562, 4, 250, 548, 354, 0, 30.67%, 0, 0, 7, 4466.68, 2692701, 2307
567, 4, 78, 548, 354, 0, 30.67%, 0, 0, 7, 4462.43, 2722046, 2307
572, 4, 181, 548, 353, 0, 30.67%, 0, 0, 7, 4584.46, 2745061, 2307
577, 4, 529, 548, 353, 0, 30.67%, 0, 0, 7, 4503.15, 2768405, 2307
582, 4, 78, 548, 352, 0, 30.67%, 0, 0, 7, 4535.86, 2791124, 2307
587, 4, 229, 549, 352, 0, 30.67%, 0, 0, 7, 4570.78, 2814641, 2307
592, 4, 213, 549, 351, 0, 30.67%, 0, 0, 7, 4607.69, 2838361, 2307
597, 4, 529, 549, 350, 0, 30.67%, 0, 0, 7, 4521.42, 2868466, 2307
602, 4, 229, 557, 358, 0, 30.67%, 0, 0, 7, 4645.31, 2891847, 2307
608, 4, 229, 562, 362, 0, 30.67%, 0, 0, 7, 4549.24, 2914662, 2307
613, 4, 529, 565, 365, 0, 30.67%, 0, 0, 7, 4339.51, 2936306, 2307
618, 4, 317, 567, 367, 0, 30.67%, 0, 0, 7, 4417.58, 2958316, 2307
623, 4, 229, 568, 367, 0, 30.67%, 0, 0, 7, 4514.10, 2981892, 2307
628, 5, 253, 585, 384, 0, 30.67%, 0, 0, 7, 4443.62, 3011458, 2307
633, 5, 317, 586, 385, 0, 30.67%, 0, 0, 7, 4560.44, 3034773, 2307
638, 5, 250, 587, 386, 0, 30.67%, 0, 0, 7, 4602.20, 3058797, 2307
643, 5, 181, 589, 388, 0, 30.67%, 0, 0, 7, 4607.91, 3082053, 2307
648, 5, 108, 589, 388, 0, 30.67%, 0, 0, 7, 4684.63, 3105833, 2307
653, 5, 285, 590, 389, 0, 30.67%, 0, 0, 7, 4605.48, 3129130, 2307
658, 5, 529, 590, 389, 0, 30.67%, 0, 0, 7, 4266.85, 3157449, 2307
663, 5, 65, 590, 389, 0, 30.67%, 0, 0, 7, 4494.39, 3180356, 2307
668, 5, 229, 590, 388, 0, 30.67%, 0, 0, 7, 4489.46, 3203373, 2307
674, 5, 229, 590, 388, 0, 30.67%, 0, 0, 7, 4583.07, 3227410, 2307
679, 5, 131, 593, 390, 0, 30.67%, 0, 0, 7, 4577.27, 3251299, 2307
684, 5, 106, 593, 390, 0, 30.67%, 0, 0, 7, 4639.15, 3274568, 2307
689, 5, 405, 593, 390, 0, 30.67%, 0, 0, 7, 4611.30, 3304017, 2307
694, 5, 83, 593, 389, 0, 30.67%, 0, 0, 7, 4593.06, 3327159, 2307
699, 5, 229, 594, 388, 0, 30.67%, 0, 0, 7, 4617.70, 3350540, 2307
704, 5, 123, 594, 387, 0, 30.67%, 0, 0, 7, 4628.94, 3373708, 2307
709, 5, 319, 597, 390, 0, 30.67%, 0, 0, 7, 4599.30, 3397047, 2307
714, 5, 49, 598, 391, 0, 30.67%, 0, 0, 7, 4491.25, 3418929, 2307
719, 5, 32, 601, 394, 0, 30.67%, 0, 0, 7, 4454.53, 3441288, 2307
718, 5, 253, 601, 394, 0, 30.67%, 0, 0, 7, 0.00, 3443089, 2307
723, 5, 131, 602, 395, 0, 30.67%, 0, 0, 7, 4667.67, 3466598, 2307
728, 5, 270, 602, 395, 0, 30.67%, 0, 0, 7, 4674.99, 3490070, 2307
733, 5, 529, 602, 395, 0, 30.67%, 0, 0, 7, 4383.14, 3511435, 2307
738, 5, 139, 602, 395, 0, 30.67%, 0, 0, 7, 4528.43, 3534155, 2307
743, 5, 277, 604, 396, 0, 30.67%, 0, 0, 7, 4599.63, 3557215, 2307
748, 5, 384, 604, 395, 0, 30.67%, 0, 0, 7, 4496.44, 3579579, 2307
753, 5, 32, 605, 394, 0, 30.67%, 0, 0, 7, 4552.00, 3609729, 2307
758, 5, 182, 607, 396, 0, 30.67%, 0, 0, 7, 4626.50, 3632951, 2307
763, 5, 219, 607, 395, 0, 30.67%, 0, 0, 7, 4701.32, 3657406, 2307
768, 5, 56, 608, 395, 0, 30.67%, 0, 0, 7, 4642.45, 3680727, 2307
773, 5, 131, 608, 395, 0, 30.67%, 0, 0, 7, 4646.11, 3704005, 2307
779, 5, 229, 609, 395, 0, 30.67%, 0, 0, 7, 4634.68, 3727313, 2307
784, 5, 529, 609, 394, 0, 30.67%, 0, 0, 7, 4517.26, 3756995, 2307
789, 5, 529, 609, 394, 0, 30.67%, 0, 0, 7, 4399.96, 3779085, 2307
794, 5, 229, 609, 393, 0, 30.67%, 0, 0, 7, 4502.48, 3802002, 2307
799, 5, 50, 609, 393, 0, 30.67%, 0, 0, 7, 4467.77, 3824442, 2307
804, 5, 229, 609, 393, 0, 30.67%, 0, 0, 7, 4568.81, 3847457, 2307
809, 5, 276, 609, 393, 0, 30.67%, 0, 0, 7, 4597.95, 3870733, 2307
814, 5, 529, 610, 394, 0, 30.67%, 0, 0, 7, 4359.53, 3899953, 2307
819, 5, 343, 610, 394, 0, 30.67%, 0, 0, 7, 4448.25, 3923101, 2307
824, 5, 182, 610, 394, 0, 30.67%, 0, 0, 7, 4569.27, 3946206, 2307
829, 5, 316, 611, 395, 0, 30.67%, 0, 0, 7, 4555.81, 3969286, 2307
834, 5, 182, 612, 396, 0, 30.67%, 0, 0, 7, 4610.60, 3992794, 2307
839, 5, 276, 613, 397, 0, 30.67%, 0, 0, 7, 4593.10, 4015878, 2307
844, 5, 213, 613, 397, 0, 30.67%, 0, 0, 7, 3696.55, 4044150, 2307
850, 5, 1, 615, 399, 0, 30.67%, 0, 0, 7, 4371.52, 4067789, 2307
855, 5, 131, 618, 401, 0, 30.67%, 0, 0, 7, 4594.20, 4091210, 2307
860, 5, 250, 618, 401, 0, 30.67%, 0, 0, 7, 4585.04, 4114313, 2307
865, 5, 131, 618, 401, 0, 30.67%, 0, 0, 7, 4665.16, 4137933, 2307
870, 5, 229, 618, 401, 0, 30.67%, 0, 0, 7, 4292.50, 4158443, 2307
875, 5, 182, 619, 402, 0, 30.67%, 0, 0, 7, 4594.09, 4187084, 2307
880, 5, 319, 620, 402, 0, 30.67%, 0, 0, 7, 4534.66, 4209837, 2307
885, 5, 131, 620, 402, 0, 30.67%, 0, 0, 7, 4626.28, 4233192, 2307
890, 5, 139, 620, 401, 0, 30.67%, 0, 0, 7, 4572.07, 4256266, 2307
895, 5, 139, 620, 400, 0, 30.67%, 0, 0, 7, 4565.60, 4280016, 2307
900, 5, 283, 620, 400, 0, 30.67%, 0, 0, 7, 4571.74, 4302991, 2307
905, 5, 115, 622, 402, 0, 30.67%, 0, 0, 7, 4735.30, 4333201, 2307
910, 5, 529, 622, 402, 0, 30.67%, 0, 0, 7, 4494.83, 4355924, 2307
916, 5, 253, 622, 402, 0, 30.67%, 0, 0, 7, 4549.72, 4379452, 2307
921, 5, 529, 622, 402, 0, 30.67%, 0, 0, 7, 4232.21, 4401203, 2307
926, 5, 131, 622, 402, 0, 30.67%, 0, 0, 7, 4428.87, 4423382, 2307
931, 5, 65, 622, 402, 0, 30.67%, 0, 0, 7, 4573.52, 4447194, 2307
936, 5, 83, 622, 401, 0, 30.67%, 0, 0, 7, 4472.26, 4476670, 2307
941, 5, 529, 623, 401, 0, 30.67%, 0, 0, 7, 4478.32, 4499304, 2307
946, 5, 426, 623, 401, 0, 30.67%, 0, 0, 7, 4507.52, 4522419, 2307
951, 5, 529, 623, 401, 0, 30.67%, 0, 0, 7, 4457.05, 4545179, 2307
956, 5, 182, 623, 401, 0, 30.67%, 0, 0, 7, 4563.32, 4568088, 2307
961, 5, 182, 623, 401, 0, 30.67%, 0, 0, 7, 4608.98, 4591153, 2307
966, 5, 362, 623, 401, 0, 30.67%, 0, 0, 7, 4612.08, 4614378, 2307
965, 5, 362, 623, 401, 0, 30.67%, 0, 0, 7, 0.00, 4617118, 2307
970, 5, 317, 623, 401, 0, 30.67%, 0, 0, 7, 4673.49, 4641333, 2307
976, 5, 131, 624, 402, 0, 30.67%, 0, 0, 7, 4657.26, 4665518, 2307
981, 6, 186, 669, 447, 0, 30.67%, 0, 0, 7, 4591.91, 4688381, 2307
986, 6, 465, 669, 445, 0, 30.67%, 0, 0, 7, 4610.80, 4711794, 2307
991, 6, 253, 669, 444, 0, 30.67%, 0, 0, 7, 4632.83, 4735054, 2307
996, 6, 521, 669, 443, 0, 30.67%, 0, 0, 7, 4481.41, 4757645, 2307
1001, 6, 106, 670, 443, 0, 30.67%, 0, 0, 7, 4564.29, 4786988, 2307
1006, 6, 195, 670, 443, 0, 30.67%, 0, 0, 7, 4626.30, 4810176, 2307
1011, 6, 266, 670, 443, 0, 30.67%, 0, 0, 7, 4479.50, 4833654, 2307
1016, 6, 99, 671, 444, 0, 30.67%, 0, 0, 7, 4650.15, 4857082, 2307
1021, 6, 286, 671, 444, 0, 30.67%, 0, 0, 7, 4594.49, 4879641, 2307
1026, 6, 32, 671, 443, 0, 30.67%, 0, 0, 7, 4579.26, 4902743, 2307
1031, 6, 32, 671, 443, 0, 30.67%, 0, 0, 7, 4628.65, 4933117, 2307
1036, 6, 114, 671, 443, 0, 30.67%, 0, 0, 7, 4586.50, 4955872, 2307
1041, 6, 65, 672, 444, 0, 30.67%, 0, 0, 7, 4576.68, 4978633, 2307
1046, 6, 182, 672, 444, 0, 30.67%, 0, 0, 7, 4661.42, 5003064, 2307
1051, 6, 297, 672, 444, 0, 30.67%, 0, 0, 7, 4649.64, 5026414, 2307
1057, 6, 229, 672, 443, 0, 30.67%, 0, 0, 7, 4574.45, 5049450, 2307
1062, 6, 343, 672, 443, 0, 30.67%, 0, 0, 7, 4683.65, 5080037, 2307
1067, 6, 393, 672, 443, 0, 30.67%, 0, 0, 7, 4641.52, 5104016, 2307
1072, 6, 253, 672, 443, 0, 30.67%, 0, 0, 7, 4639.52, 5127423, 2307
1077, 6, 319, 673, 444, 0, 30.67%, 0, 0, 7, 4512.91, 5149787, 2307
1082, 6, 106, 673, 444, 0, 30.67%, 0, 0, 7, 4460.57, 5172199, 2307
1087, 6, 319, 673, 444, 0, 30.67%, 0, 0, 7, 4561.25, 5195219, 2307
1092, 6, 65, 673, 443, 0, 30.67%, 0, 0, 7, 4618.52, 5225930, 2307
1097, 6, 97, 673, 443, 0, 30.67%, 0, 0, 7, 4580.19, 5249641, 2307
1102, 6, 108, 673, 443, 0, 30.67%, 0, 0, 7, 4607.40, 5273598, 2307
1108, 6, 47, 674, 444, 0, 30.67%, 0, 0, 7, 4580.52, 5296616, 2307
1113, 6, 529, 674, 444, 0, 30.67%, 0, 0, 7, 4424.52, 5318679, 2307
1118, 6, 317, 674, 444, 0, 30.67%, 0, 0, 7, 4553.39, 5342048, 2307
1123, 6, 229, 674, 443, 0, 30.67%, 0, 0, 7, 4674.63, 5373043, 2307
1128, 6, 131, 674, 443, 0, 30.67%, 0, 0, 7, 4719.79, 5396782, 2307
1133, 6, 210, 674, 443, 0, 30.67%, 0, 0, 7, 4548.62, 5419640, 2307
1138, 6, 46, 674, 443, 0, 30.67%, 0, 0, 7, 4606.84, 5442611, 2307
1143, 6, 347, 674, 443, 0, 30.67%, 0, 0, 7, 4580.97, 5465455, 2307
1146, 6, 188, 674, 443, 0, 30.67%, 0, 0, 7, 4595.33, 5477842, 2307
