# relative_time, cycles_done, cur_item, corpus_count, pending_total, pending_favs, map_size, saved_crashes, saved_hangs, max_depth, execs_per_sec, total_execs, edges_found
61, 0, 61, 176, 155, 36, 12.34%, 0, 0, 3, 854.26, 52816, 833
66, 0, 82, 180, 153, 31, 12.36%, 0, 0, 3, 817.66, 57337, 834
71, 0, 99, 183, 151, 26, 12.37%, 0, 0, 3, 829.57, 61512, 835
76, 0, 117, 189, 153, 22, 12.47%, 0, 0, 3, 780.34, 65416, 842
81, 0, 125, 193, 152, 21, 12.49%, 0, 0, 3, 687.37, 68750, 843
86, 0, 134, 199, 155, 20, 12.50%, 0, 0, 3, 804.55, 72992, 844
91, 0, 145, 204, 156, 17, 12.50%, 0, 0, 3, 817.37, 77177, 844
96, 0, 170, 205, 152, 12, 12.50%, 0, 0, 3, 722.65, 81503, 844
101, 0, 186, 219, 161, 9, 12.77%, 0, 0, 4, 821.51, 85865, 862
106, 0, 186, 231, 173, 9, 13.23%, 0, 0, 4, 806.46, 90025, 893
111, 0, 186, 237, 179, 9, 13.33%, 0, 0, 4, 814.41, 94121, 900
116, 0, 186, 244, 186, 9, 13.44%, 0, 0, 4, 797.03, 98071, 907
121, 0, 186, 245, 187, 9, 13.45%, 0, 0, 4, 849.38, 102361, 908
126, 0, 186, 248, 190, 9, 13.47%, 0, 0, 4, 831.12, 106545, 909
126, 0, 186, 248, 190, 9, 13.47%, 0, 0, 4, 0.00, 106913, 909
131, 0, 186, 248, 190, 9, 13.47%, 0, 0, 4, 834.29, 111201, 909
137, 0, 186, 248, 190, 9, 13.47%, 0, 0, 4, 794.01, 115218, 909
142, 0, 188, 248, 189, 35, 13.47%, 0, 0, 4, 757.32, 118991, 909
147, 0, 200, 251, 188, 31, 13.47%, 0, 0, 4, 770.72, 122951, 909
152, 0, 206, 255, 191, 30, 13.47%, 0, 0, 5, 721.90, 126517, 909
157, 0, 206, 255, 191, 30, 13.47%, 0, 0, 5, 707.64, 130073, 909
162, 0, 208, 259, 193, 31, 13.50%, 0, 0, 5, 744.36, 134237, 911
167, 0, 209, 261, 194, 31, 13.54%, 0, 0, 5, 729.94, 138033, 914
172, 0, 213, 262, 193, 31, 13.56%, 0, 0, 5, 714.67, 141561, 915
177, 0, 215, 269, 199, 30, 13.66%, 0, 0, 5, 740.34, 145184, 922
