# relative_time, cycles_done, cur_item, corpus_count, pending_total, pending_favs, map_size, saved_crashes, saved_hangs, max_depth, execs_per_sec, total_execs, edges_found, total_crashes, servers_count
61, 9, 609, 874, 1, 0, 15.21%, 0, 0, 18, 22010.29, 1403139, 1028, 0, 0
64, 9, 532, 876, 1, 0, 15.21%, 0, 0, 18, 21653.43, 1516891, 1028, 0, 0
70, 10, 518, 878, 0, 0, 15.21%, 0, 0, 18, 19933.82, 1618255, 1028, 0, 0
75, 11, 718, 879, 1, 0, 15.21%, 0, 0, 18, 22155.02, 1733655, 1028, 0, 0
80, 12, 696, 880, 1, 0, 15.21%, 0, 0, 18, 20837.60, 1838300, 1028, 0, 0
85, 12, 714, 881, 1, 0, 15.21%, 0, 0, 18, 20045.63, 1942975, 1028, 0, 0
90, 13, 621, 881, 1, 0, 15.21%, 0, 0, 18, 19849.45, 2044457, 1028, 0, 0
95, 14, 655, 883, 1, 0, 15.21%, 0, 0, 18, 22876.21, 2186653, 1028, 0, 0
100, 15, 570, 883, 0, 0, 15.21%, 0, 0, 18, 22965.19, 2303350, 1028, 0, 0
105, 16, 462, 885, 0, 0, 15.21%, 0, 0, 18, 23948.14, 2425722, 1028, 0, 0
110, 17, 725, 885, 0, 0, 15.21%, 0, 0, 18, 24542.49, 2552851, 1028, 0, 0
115, 18, 31, 886, 0, 0, 15.21%, 0, 0, 18, 25093.61, 2681241, 1028, 0, 0
121, 19, 737, 886, 0, 0, 15.21%, 0, 0, 18, 23822.69, 2801135, 1028, 0, 0
126, 20, 457, 887, 0, 0, 15.21%, 0, 0, 18, 23994.72, 2959479, 1028, 0, 0
131, 21, 639, 888, 1, 0, 15.21%, 0, 0, 18, 23993.85, 3081280, 1028, 0, 0
136, 21, 795, 889, 1, 0, 15.21%, 0, 0, 18, 22876.62, 3198337, 1028, 0, 0
141, 22, 520, 889, 0, 0, 15.21%, 0, 0, 18, 21276.17, 3302714, 1028, 0, 0
146, 23, 523, 890, 1, 0, 15.21%, 0, 0, 18, 23902.82, 3428154, 1028, 0, 0
151, 24, 500, 890, 0, 0, 15.21%, 0, 0, 18, 23960.19, 3549086, 1028, 0, 0
156, 25, 696, 890, 0, 0, 15.21%, 0, 0, 18, 24373.93, 3704618, 1028, 0, 0
161, 26, 729, 891, 0, 0, 15.21%, 0, 0, 18, 24182.69, 3828595, 1028, 0, 0
167, 27, 794, 891, 0, 0, 15.21%, 0, 0, 18, 22981.88, 3945444, 1028, 0, 0
172, 28, 651, 891, 0, 0, 15.21%, 0, 0, 18, 24441.46, 4069764, 1028, 0, 0
177, 28, 565, 892, 0, 0, 15.21%, 0, 0, 18, 25104.44, 4198675, 1028, 0, 0
182, 29, 714, 893, 1, 0, 15.21%, 0, 0, 18, 25382.16, 4327451, 1028, 0, 0
187, 30, 629, 894, 2, 0, 15.21%, 0, 0, 18, 23473.52, 4483804, 1028, 0, 0
192, 31, 696, 894, 1, 0, 15.21%, 0, 0, 18, 24164.29, 4604143, 1028, 0, 0
197, 32, 511, 894, 1, 0, 15.21%, 0, 0, 18, 25146.94, 4733436, 1028, 0, 0
202, 33, 609, 894, 0, 0, 15.21%, 0, 0, 18, 25293.63, 4861856, 1028, 0, 0
207, 34, 431, 895, 0, 0, 15.21%, 0, 0, 18, 25114.13, 4989549, 1028, 0, 0
212, 35, 66, 895, 0, 0, 15.21%, 0, 0, 18, 25004.76, 5115793, 1028, 0, 0
217, 36, 395, 895, 0, 0, 15.21%, 0, 0, 18, 24853.48, 5282187, 1028, 0, 0
223, 37, 443, 896, 0, 0, 15.21%, 0, 0, 18, 25040.39, 5408457, 1028, 0, 0
228, 38, 762, 896, 0, 0, 15.21%, 0, 0, 18, 22453.17, 5522441, 1028, 0, 0
233, 39, 482, 896, 0, 0, 15.21%, 0, 0, 18, 24115.54, 5644725, 1028, 0, 0
238, 39, 784, 896, 0, 0, 15.21%, 0, 0, 18, 24182.23, 5767584, 1028, 0, 0
243, 40, 809, 896, 0, 0, 15.21%, 0, 0, 18, 24281.67, 5890420, 1028, 0, 0
248, 41, 610, 897, 0, 0, 15.21%, 0, 0, 18, 23000.80, 6047031, 1028, 0, 0
253, 42, 105, 897, 0, 0, 15.21%, 0, 0, 18, 23245.05, 6167391, 1028, 0, 0
258, 43, 497, 898, 0, 0, 15.21%, 0, 0, 18, 23837.54, 6286175, 1028, 0, 0
263, 44, 565, 898, 0, 0, 15.21%, 0, 0, 18, 24934.13, 6414031, 1028, 0, 0
268, 45, 565, 898, 0, 0, 15.21%, 0, 0, 18, 25609.37, 6544366, 1028, 0, 0
273, 46, 718, 899, 0, 0, 15.21%, 0, 0, 18, 25380.47, 6674651, 1028, 0, 0
278, 47, 729, 899, 0, 0, 15.21%, 0, 0, 18, 24734.26, 6836158, 1028, 0, 0
284, 48, 823, 899, 0, 0, 15.21%, 0, 0, 18, 24488.14, 6957366, 1028, 0, 0
289, 49, 692, 900, 0, 0, 15.21%, 0, 0, 18, 24765.24, 7084593, 1028, 0, 0
294, 50, 696, 900, 0, 0, 15.21%, 0, 0, 18, 24402.75, 7206400, 1028, 0, 0
299, 50, 655, 900, 0, 0, 15.21%, 0, 0, 18, 24551.00, 7332633, 1028, 0, 0
304, 51, 463, 902, 1, 0, 15.21%, 0, 0, 18, 25298.05, 7462308, 1028, 0, 0
309, 52, 646, 902, 0, 0, 15.21%, 0, 0, 18, 25335.69, 7630347, 1028, 0, 0
314, 53, 599, 904, 0, 0, 15.21%, 0, 0, 18, 25122.35, 7757534, 1028, 0, 0
319, 54, 662, 904, 0, 0, 15.21%, 0, 0, 18, 24923.56, 7882990, 1028, 0, 0
324, 55, 682, 906, 0, 0, 15.21%, 0, 0, 18, 24466.86, 8007328, 1028, 0, 0
329, 56, 714, 906, 0, 0, 15.21%, 0, 0, 18, 23202.56, 8125260, 1028, 0, 0
334, 57, 599, 906, 0, 0, 15.21%, 0, 0, 18, 23479.26, 8245454, 1028, 0, 0
339, 58, 784, 906, 0, 0, 15.21%, 0, 0, 18, 23066.15, 8396772, 1028, 0, 0
345, 58, 621, 907, 1, 0, 15.21%, 0, 0, 18, 24702.68, 8524436, 1028, 0, 0
350, 59, 593, 907, 0, 0, 15.21%, 0, 0, 18, 23654.27, 8645994, 1028, 0, 0
355, 60, 514, 907, 0, 0, 15.21%, 0, 0, 18, 23970.32, 8768490, 1028, 0, 0
360, 61, 713, 907, 0, 0, 15.21%, 0, 0, 18, 24612.30, 8895285, 1028, 0, 0
365, 62, 612, 907, 0, 0, 15.21%, 0, 0, 18, 24931.00, 9022682, 1028, 0, 0
370, 63, 660, 908, 0, 0, 15.21%, 0, 0, 18, 24387.70, 9178703, 1028, 0, 0
375, 64, 803, 909, 0, 0, 15.21%, 0, 0, 18, 23719.83, 9300584, 1028, 0, 0
380, 65, 655, 909, 0, 0, 15.21%, 0, 0, 18, 24361.65, 9422805, 1028, 0, 0
385, 65, 718, 910, 1, 0, 15.21%, 0, 0, 18, 23127.32, 9541682, 1028, 0, 0
390, 66, 729, 910, 0, 0, 15.21%, 0, 0, 18, 24685.27, 9668886, 1028, 0, 0
396, 67, 713, 910, 0, 0, 15.21%, 0, 0, 18, 25017.53, 9794557, 1028, 0, 0
401, 68, 714, 910, 0, 0, 15.21%, 0, 0, 18, 23040.65, 9952278, 1028, 0, 0
406, 69, 741, 910, 0, 0, 15.21%, 0, 0, 18, 24608.67, 10078961, 1028, 0, 0
411, 70, 417, 910, 0, 0, 15.21%, 0, 0, 18, 24606.68, 10201328, 1028, 0, 0
416, 71, 607, 910, 0, 0, 15.21%, 0, 0, 18, 24829.02, 10327587, 1028, 0, 0
421, 72, 520, 910, 0, 0, 15.21%, 0, 0, 18, 23625.71, 10445668, 1028, 0, 0
426, 72, 655, 911, 0, 0, 15.21%, 0, 0, 18, 24317.54, 10572183, 1028, 0, 0
431, 74, 651, 911, 0, 0, 15.21%, 0, 0, 18, 24468.30, 10737254, 1028, 0, 0
436, 74, 595, 911, 0, 0, 15.21%, 0, 0, 18, 24204.31, 10857652, 1028, 0, 0
441, 75, 528, 911, 0, 0, 15.21%, 0, 0, 18, 24290.21, 10983697, 1028, 0, 0
447, 76, 627, 911, 0, 0, 15.21%, 0, 0, 18, 24835.90, 11108953, 1028, 0, 0
452, 77, 511, 911, 0, 0, 15.21%, 0, 0, 18, 24540.59, 11233920, 1028, 0, 0
457, 78, 798, 914, 0, 0, 15.21%, 0, 0, 18, 24695.13, 11359238, 1028, 0, 0
462, 79, 696, 914, 0, 0, 15.21%, 0, 0, 18, 24414.87, 11514356, 1028, 0, 0
467, 80, 446, 914, 0, 0, 15.21%, 0, 0, 18, 24467.90, 11639527, 1028, 0, 0
472, 81, 454, 914, 0, 0, 15.21%, 0, 0, 18, 24680.91, 11764422, 1028, 0, 0
477, 81, 572, 914, 0, 0, 15.21%, 0, 0, 18, 24438.54, 11890594, 1028, 0, 0
482, 82, 756, 915, 0, 0, 15.21%, 0, 0, 18, 24078.51, 12013078, 1028, 0, 0
487, 83, 651, 915, 0, 0, 15.21%, 0, 0, 18, 25035.50, 12141534, 1028, 0, 0
492, 84, 764, 915, 0, 0, 15.21%, 0, 0, 18, 24331.44, 12265452, 1028, 0, 0
491, 84, 372, 915, 0, 0, 15.21%, 0, 0, 18, 0.00, 12267052, 1028, 0, 0
496, 85, 599, 915, 0, 0, 15.21%, 0, 0, 18, 23514.51, 12386697, 1028, 0, 0
501, 86, 834, 915, 0, 0, 15.21%, 0, 0, 18, 25025.32, 12514318, 1028, 0, 0
506, 87, 500, 915, 0, 0, 15.21%, 0, 0, 18, 24821.04, 12640448, 1028, 0, 0
511, 87, 894, 915, 0, 0, 15.21%, 0, 0, 18, 23538.54, 12759831, 1028, 0, 0
516, 88, 764, 915, 0, 0, 15.21%, 0, 0, 18, 24272.59, 12885646, 1028, 0, 0
522, 89, 876, 915, 0, 0, 15.21%, 0, 0, 18, 25087.45, 13013967, 1028, 0, 0
527, 90, 548, 915, 0, 0, 15.21%, 0, 0, 18, 24136.77, 13170985, 1028, 0, 0
532, 91, 724, 915, 0, 0, 15.21%, 0, 0, 18, 25094.02, 13300294, 1028, 0, 0
537, 92, 402, 915, 0, 0, 15.21%, 0, 0, 18, 22354.12, 13412390, 1028, 0, 0
542, 93, 718, 915, 0, 0, 15.21%, 0, 0, 18, 23239.77, 13533395, 1028, 0, 0
547, 93, 431, 915, 0, 0, 15.21%, 0, 0, 18, 24290.53, 13656227, 1028, 0, 0
552, 94, 729, 915, 0, 0, 15.21%, 0, 0, 18, 25265.57, 13784134, 1028, 0, 0
557, 95, 588, 916, 0, 0, 15.21%, 0, 0, 18, 22878.02, 13933807, 1028, 0, 0
562, 96, 718, 918, 2, 0, 15.21%, 0, 0, 18, 23513.63, 14055015, 1028, 0, 0
567, 97, 515, 918, 0, 0, 15.21%, 0, 0, 18, 22934.95, 14173034, 1028, 0, 0
572, 98, 442, 918, 0, 0, 15.21%, 0, 0, 18, 24158.92, 14295814, 1028, 0, 0
578, 99, 431, 918, 0, 0, 15.21%, 0, 0, 18, 25019.04, 14424573, 1028, 0, 0
583, 99, 792, 918, 0, 0, 15.21%, 0, 0, 18, 24858.29, 14548168, 1028, 0, 0
588, 100, 595, 918, 0, 0, 15.21%, 0, 0, 18, 25300.46, 14714298, 1028, 0, 0
593, 101, 209, 918, 0, 0, 15.21%, 0, 0, 18, 25360.66, 14843591, 1028, 0, 0
598, 102, 629, 919, 1, 0, 15.21%, 0, 0, 18, 25152.63, 14971380, 1028, 0, 0
603, 103, 929, 932, 7, 0, 15.21%, 0, 0, 18, 722.13, 15049358, 1028, 0, 0
608, 103, 632, 940, 6, 0, 15.21%, 0, 0, 18, 19047.28, 15136536, 1028, 0, 0
614, 103, 948, 949, 6, 1, 15.22%, 0, 0, 18, 615.89, 15227684, 1029, 0, 0
619, 104, 954, 960, 9, 0, 15.22%, 0, 0, 18, 18521.46, 15337795, 1029, 0, 0
624, 104, 955, 964, 6, 0, 15.22%, 0, 0, 18, 10428.91, 15406178, 1029, 0, 0
629, 105, 220, 971, 6, 0, 15.22%, 0, 0, 18, 18733.87, 15514882, 1029, 0, 0
634, 105, 978, 988, 18, 0, 15.22%, 0, 0, 19, 14938.05, 15596686, 1029, 0, 0
639, 106, 977, 993, 12, 0, 15.22%, 0, 0, 19, 8904.04, 15643424, 1029, 0, 0
644, 106, 994, 1000, 8, 0, 15.22%, 0, 0, 19, 13872.21, 15714500, 1029, 0, 0
649, 106, 1005, 1013, 17, 0, 15.22%, 0, 0, 19, 3387.72, 15735135, 1029, 0, 0
655, 106, 1000, 1015, 14, 0, 15.22%, 0, 0, 19, 2539.37, 15751904, 1029, 0, 0
660, 106, 1007, 1015, 10, 0, 15.22%, 0, 0, 19, 1224.93, 15764931, 1029, 0, 0
665, 106, 1014, 1016, 7, 0, 15.22%, 0, 0, 19, 2331.25, 15780582, 1029, 0, 0
670, 106, 404, 1019, 2, 0, 15.22%, 0, 0, 20, 15188.27, 15822097, 1029, 0, 0
675, 107, 945, 1022, 1, 0, 15.22%, 0, 0, 20, 18114.51, 15911457, 1029, 0, 0
680, 107, 621, 1033, 5, 0, 15.22%, 0, 0, 20, 18947.16, 16044059, 1029, 0, 0
685, 107, 1029, 1038, 2, 0, 15.22%, 0, 0, 20, 23239.48, 16108461, 1029, 0, 0
691, 108, 53, 1042, 2, 0, 15.22%, 0, 0, 20, 20575.47, 16212417, 1029, 0, 0
696, 108, 605, 1046, 3, 0, 15.22%, 0, 0, 20, 21516.08, 16324109, 1029, 0, 0
701, 109, 443, 1050, 3, 0, 15.22%, 0, 0, 20, 18751.82, 16416297, 1029, 0, 0
706, 109, 1054, 1055, 3, 0, 15.22%, 0, 0, 21, 13536.56, 16486786, 1029, 0, 0
711, 110, 713, 1056, 0, 0, 15.22%, 0, 0, 22, 18612.01, 16613007, 1029, 0, 0
716, 110, 283, 1057, 0, 0, 15.22%, 0, 0, 22, 19884.40, 16716001, 1029, 0, 0
721, 110, 857, 1060, 1, 0, 15.22%, 0, 0, 22, 17614.21, 16779681, 1029, 0, 0
726, 111, 763, 1064, 1, 0, 15.22%, 0, 0, 22, 19184.46, 16864272, 1029, 0, 0
731, 111, 747, 1067, 1, 0, 15.22%, 0, 0, 22, 20316.48, 16971073, 1029, 0, 0
736, 112, 600, 1067, 0, 0, 15.22%, 0, 0, 22, 19934.53, 17073659, 1029, 0, 0
742, 112, 1025, 1072, 4, 0, 15.22%, 0, 0, 22, 17955.77, 17197677, 1029, 0, 0
747, 112, 1062, 1077, 3, 0, 15.22%, 0, 0, 22, 18666.38, 17292428, 1029, 0, 0
752, 113, 662, 1079, 2, 0, 15.22%, 0, 0, 22, 19552.70, 17391699, 1029, 0, 0
757, 113, 723, 1081, 2, 0, 15.22%, 0, 0, 22, 19635.51, 17485925, 1029, 0, 0
762, 114, 1035, 1082, 1, 0, 15.22%, 0, 0, 22, 19016.87, 17586344, 1029, 0, 0
767, 114, 578, 1082, 1, 0, 15.22%, 0, 0, 22, 19095.18, 17683566, 1029, 0, 0
772, 115, 617, 1082, 1, 0, 15.22%, 0, 0, 22, 20487.90, 17803216, 1029, 0, 0
777, 115, 1062, 1083, 0, 0, 15.22%, 0, 0, 22, 21951.24, 17888487, 1029, 0, 0
782, 115, 1083, 1084, 1, 0, 15.22%, 0, 0, 22, 5970.04, 17976848, 1029, 0, 0
788, 116, 605, 1086, 0, 0, 15.22%, 0, 0, 22, 15887.26, 18062873, 1029, 0, 0
793, 116, 762, 1088, 0, 0, 15.22%, 0, 0, 22, 21325.62, 18161308, 1029, 0, 0
798, 117, 743, 1088, 0, 0, 15.22%, 0, 0, 22, 21257.00, 18271286, 1029, 0, 0
803, 117, 621, 1089, 1, 0, 15.22%, 0, 0, 22, 13543.83, 18395640, 1029, 0, 0
808, 118, 596, 1090, 0, 0, 15.22%, 0, 0, 22, 18845.07, 18494896, 1029, 0, 0
813, 118, 692, 1091, 1, 0, 15.22%, 0, 0, 22, 19173.02, 18589214, 1029, 0, 0
818, 119, 1024, 1092, 2, 0, 15.22%, 0, 0, 22, 20066.34, 18693397, 1029, 0, 0
823, 119, 777, 1098, 1, 0, 15.22%, 0, 0, 22, 20976.68, 18798400, 1029, 0, 0
828, 119, 472, 1098, 1, 0, 15.22%, 0, 0, 22, 20898.44, 18901983, 1029, 0, 0
833, 120, 1075, 1098, 1, 0, 15.22%, 0, 0, 22, 21104.62, 19031164, 1029, 0, 0
839, 120, 871, 1098, 0, 0, 15.22%, 0, 0, 22, 21151.16, 19142338, 1029, 0, 0
844, 121, 610, 1099, 0, 0, 15.22%, 0, 0, 22, 21750.21, 19253935, 1029, 0, 0
849, 121, 1099, 1100, 1, 0, 15.22%, 0, 0, 22, 20061.84, 19359458, 1029, 0, 0
854, 122, 696, 1100, 0, 0, 15.22%, 0, 0, 22, 19204.10, 19455200, 1029, 0, 0
859, 122, 1067, 1100, 0, 0, 15.22%, 0, 0, 22, 20308.87, 19559540, 1029, 0, 0
864, 123, 914, 1100, 0, 0, 15.22%, 0, 0, 22, 22364.94, 19695580, 1029, 0, 0
869, 123, 696, 1100, 0, 0, 15.22%, 0, 0, 22, 21643.97, 19803376, 1029, 0, 0
875, 124, 714, 1100, 0, 0, 15.22%, 0, 0, 22, 20630.66, 19911327, 1029, 0, 0
880, 124, 1062, 1101, 0, 0, 15.22%, 0, 0, 22, 20143.67, 20014915, 1029, 0, 0
885, 125, 718, 1101, 0, 0, 15.22%, 0, 0, 22, 20675.90, 20118107, 1029, 0, 0
890, 125, 1099, 1102, 1, 0, 15.22%, 0, 0, 22, 20754.85, 20224841, 1029, 0, 0
895, 126, 511, 1102, 0, 0, 15.22%, 0, 0, 22, 21875.73, 20341806, 1029, 0, 0
900, 126, 763, 1104, 1, 0, 15.22%, 0, 0, 22, 21370.84, 20449680, 1029, 0, 0
905, 127, 1106, 1107, 2, 0, 15.22%, 0, 0, 22, 19304.23, 20543033, 1029, 0, 0
910, 127, 1109, 1113, 3, 0, 15.22%, 0, 0, 22, 16468.90, 20599196, 1029, 0, 0
915, 127, 1112, 1114, 1, 0, 15.22%, 0, 0, 22, 2498.52, 20655146, 1029, 0, 0
921, 127, 1115, 1116, 1, 0, 15.22%, 0, 0, 23, 718.21, 20683490, 1029, 0, 0
926, 127, 662, 1117, 0, 0, 15.22%, 0, 0, 24, 20639.56, 20758697, 1029, 0, 0
931, 128, 693, 1118, 0, 0, 15.22%, 0, 0, 24, 20041.28, 20858342, 1029, 0, 0
936, 128, 639, 1121, 1, 0, 15.22%, 0, 0, 24, 16974.14, 20941590, 1029, 0, 0
941, 129, 335, 1122, 1, 0, 15.22%, 0, 0, 24, 17347.22, 21029868, 1029, 0, 0
946, 129, 1045, 1123, 1, 0, 15.22%, 0, 0, 24, 18356.41, 21125790, 1029, 0, 0
951, 129, 1062, 1123, 0, 0, 15.22%, 0, 0, 24, 17314.34, 21211500, 1029, 0, 0
956, 130, 519, 1123, 0, 0, 15.22%, 0, 0, 24, 18590.93, 21304578, 1029, 0, 0
955, 130, 596, 1123, 0, 0, 15.22%, 0, 0, 24, 0.00, 21305476, 1029, 0, 0
960, 130, 1097, 1123, 0, 0, 15.22%, 0, 0, 24, 19486.87, 21403849, 1029, 0, 0
965, 130, 1111, 1123, 0, 0, 15.22%, 0, 0, 24, 18731.29, 21493441, 1029, 0, 0
970, 131, 605, 1123, 0, 0, 15.22%, 0, 0, 24, 20352.87, 21597364, 1029, 0, 0
975, 131, 1114, 1123, 0, 0, 15.22%, 0, 0, 24, 19357.40, 21695037, 1029, 0, 0
980, 132, 623, 1123, 0, 0, 15.22%, 0, 0, 24, 18540.21, 21787948, 1029, 0, 0
985, 132, 786, 1123, 0, 0, 15.22%, 0, 0, 24, 18051.07, 21878928, 1029, 0, 0
991, 133, 762, 1123, 0, 0, 15.22%, 0, 0, 24, 19026.87, 22004300, 1029, 0, 0
996, 133, 1028, 1124, 1, 0, 15.22%, 0, 0, 24, 20428.10, 22109440, 1029, 0, 0
1001, 133, 986, 1125, 1, 0, 15.22%, 0, 0, 24, 19186.21, 22201830, 1029, 0, 0
1006, 134, 1110, 1126, 1, 0, 15.22%, 0, 0, 24, 19233.74, 22298239, 1029, 0, 0
1011, 134, 57, 1126, 0, 0, 15.22%, 0, 0, 24, 19221.04, 22393205, 1029, 0, 0
1016, 135, 584, 1126, 0, 0, 15.22%, 0, 0, 24, 18693.89, 22492080, 1029, 0, 0
1022, 135, 1127, 1129, 1, 0, 15.22%, 0, 0, 24, 17862.26, 22592365, 1029, 0, 0
1027, 135, 876, 1129, 0, 0, 15.22%, 0, 0, 24, 17399.74, 22672599, 1029, 0, 0
1032, 136, 823, 1130, 0, 0, 15.22%, 0, 0, 24, 20160.67, 22778859, 1029, 0, 0
1037, 136, 511, 1132, 0, 0, 15.22%, 0, 0, 24, 20069.37, 22882042, 1029, 0, 0
1042, 137, 1114, 1132, 0, 0, 15.22%, 0, 0, 24, 18787.14, 22974140, 1029, 0, 0
1047, 137, 1062, 1132, 0, 0, 15.22%, 0, 0, 24, 19577.64, 23073993, 1029, 0, 0
1052, 138, 431, 1133, 1, 0, 15.22%, 0, 0, 24, 20295.13, 23198467, 1029, 0, 0
1057, 138, 778, 1135, 0, 0, 15.22%, 0, 0, 24, 19018.61, 23293839, 1029, 0, 0
1063, 138, 607, 1135, 0, 0, 15.22%, 0, 0, 24, 21295.51, 23405250, 1029, 0, 0
1068, 139, 274, 1135, 0, 0, 15.22%, 0, 0, 24, 19704.43, 23498433, 1029, 0, 0
1073, 139, 1122, 1135, 0, 0, 15.22%, 0, 0, 24, 20134.16, 23600016, 1029, 0, 0
1078, 140, 1123, 1135, 0, 0, 15.22%, 0, 0, 24, 20034.73, 23697523, 1029, 0, 0
1083, 140, 1135, 1136, 1, 0, 15.22%, 0, 0, 24, 20323.19, 23824396, 1029, 0, 0
1088, 140, 708, 1137, 0, 0, 15.22%, 0, 0, 24, 20765.17, 23888516, 1029, 0, 0
1093, 141, 1126, 1137, 0, 0, 15.22%, 0, 0, 24, 18062.78, 23976080, 1029, 0, 0
1098, 141, 511, 1138, 0, 0, 15.22%, 0, 0, 24, 17508.34, 24067829, 1029, 0, 0
1103, 141, 621, 1139, 1, 0, 15.22%, 0, 0, 24, 18088.78, 24150672, 1029, 0, 0
1108, 142, 1139, 1140, 1, 0, 15.22%, 0, 0, 24, 17706.02, 24210396, 1029, 0, 0
1114, 142, 1004, 1141, 0, 0, 15.22%, 0, 0, 24, 19675.21, 24277408, 1029, 0, 0
1119, 142, 1116, 1142, 0, 0, 15.22%, 0, 0, 24, 18396.15, 24370642, 1029, 0, 0
1124, 143, 453, 1142, 0, 0, 15.22%, 0, 0, 24, 19853.72, 24472515, 1029, 0, 0
1129, 143, 871, 1142, 0, 0, 15.22%, 0, 0, 24, 16132.65, 24561202, 1029, 0, 0
1134, 143, 1138, 1144, 1, 0, 15.22%, 0, 0, 24, 20586.53, 24637925, 1029, 0, 0
1139, 144, 646, 1144, 0, 0, 15.22%, 0, 0, 24, 17468.94, 24707502, 1029, 0, 0
1145, 144, 1134, 1144, 0, 0, 15.22%, 0, 0, 24, 18566.30, 24823272, 1029, 0, 0
1150, 144, 662, 1144, 0, 0, 15.22%, 0, 0, 24, 17921.55, 24916270, 1029, 0, 0
1155, 145, 948, 1144, 0, 0, 15.22%, 0, 0, 24, 21143.68, 25008074, 1029, 0, 0
1160, 145, 1138, 1144, 0, 0, 15.22%, 0, 0, 24, 18885.52, 25101005, 1029, 0, 0
1165, 146, 885, 1145, 1, 0, 15.22%, 0, 0, 24, 16986.36, 25183624, 1029, 0, 0
1170, 146, 1144, 1145, 1, 0, 15.22%, 0, 0, 24, 932.73, 25219010, 1029, 0, 0
1175, 146, 1127, 1145, 0, 0, 15.22%, 0, 0, 24, 17257.21, 25327976, 1029, 0, 0
1180, 146, 1145, 1146, 1, 0, 15.22%, 0, 0, 24, 1087.74, 25389151, 1029, 0, 0
1185, 147, 1134, 1148, 1, 0, 15.22%, 0, 0, 24, 17261.80, 25445992, 1029, 0, 0
1191, 147, 1148, 1151, 2, 0, 15.22%, 0, 0, 24, 3429.03, 25513978, 1029, 0, 0
1196, 147, 1150, 1151, 1, 0, 15.22%, 0, 0, 24, 1743.37, 25591498, 1029, 0, 0
1201, 147, 1145, 1151, 0, 0, 15.22%, 0, 0, 24, 15991.82, 25682527, 1029, 0, 0
1206, 148, 1146, 1153, 0, 0, 15.22%, 0, 0, 24, 18202.30, 25783495, 1029, 0, 0
1211, 148, 1153, 1154, 1, 0, 15.22%, 0, 0, 24, 1927.93, 25864104, 1029, 0, 0
1216, 148, 453, 1156, 1, 0, 15.22%, 0, 0, 24, 18534.43, 25895134, 1029, 0, 0
1221, 149, 861, 1156, 0, 0, 15.22%, 0, 0, 24, 19670.22, 25965393, 1029, 0, 0
1226, 149, 632, 1156, 0, 0, 15.22%, 0, 0, 24, 17646.26, 26049948, 1029, 0, 0
1231, 149, 1092, 1157, 0, 0, 15.22%, 0, 0, 24, 13015.00, 26100607, 1029, 0, 0
1237, 150, 763, 1157, 0, 0, 15.22%, 0, 0, 24, 19279.85, 26223488, 1029, 0, 0
1242, 150, 692, 1157, 0, 0, 15.22%, 0, 0, 24, 18336.20, 26313572, 1029, 0, 0
1247, 150, 1079, 1157, 0, 0, 15.22%, 0, 0, 24, 18508.17, 26403357, 1029, 0, 0
1252, 151, 425, 1157, 0, 0, 15.22%, 0, 0, 24, 14425.54, 26487601, 1029, 0, 0
1257, 151, 457, 1158, 0, 0, 15.22%, 0, 0, 24, 17365.32, 26576494, 1029, 0, 0
1262, 151, 1123, 1160, 1, 0, 15.22%, 0, 0, 24, 16001.77, 26659199, 1029, 0, 0
1267, 152, 245, 1160, 0, 0, 15.22%, 0, 0, 24, 13162.94, 26772172, 1029, 0, 0
1272, 152, 993, 1160, 0, 0, 15.22%, 0, 0, 24, 16528.65, 26856356, 1029, 0, 0
1277, 152, 1139, 1160, 0, 0, 15.22%, 0, 0, 24, 17089.43, 26948470, 1029, 0, 0
1282, 153, 885, 1160, 0, 0, 15.22%, 0, 0, 24, 19058.32, 27045112, 1029, 0, 0
1287, 153, 497, 1160, 0, 0, 15.22%, 0, 0, 24, 17211.80, 27133065, 1029, 0, 0
1293, 153, 610, 1160, 0, 0, 15.22%, 0, 0, 24, 17072.59, 27213801, 1029, 0, 0
1298, 154, 1156, 1160, 0, 0, 15.22%, 0, 0, 24, 20459.67, 27328516, 1029, 0, 0
1303, 154, 1160, 1161, 1, 0, 15.22%, 0, 0, 24, 19078.44, 27427307, 1029, 0, 0
1308, 154, 944, 1163, 1, 0, 15.22%, 0, 0, 24, 19425.00, 27475543, 1029, 0, 0
1314, 154, 1163, 1164, 1, 0, 15.22%, 0, 0, 24, 18195.74, 27527792, 1029, 0, 0
1319, 155, 1062, 1164, 0, 0, 15.22%, 0, 0, 24, 17436.98, 27599353, 1029, 0, 0
1324, 155, 178, 1164, 0, 0, 15.22%, 0, 0, 24, 19541.58, 27701070, 1029, 0, 0
1329, 155, 759, 1164, 0, 0, 15.22%, 0, 0, 24, 14589.21, 27812875, 1029, 0, 0
1334, 156, 1144, 1164, 0, 0, 15.22%, 0, 0, 24, 16701.89, 27897293, 1029, 0, 0
1339, 156, 1062, 1164, 0, 0, 15.22%, 0, 0, 24, 18161.75, 27989223, 1029, 0, 0
1344, 156, 1113, 1164, 0, 0, 15.22%, 0, 0, 24, 18598.48, 28085729, 1029, 0, 0
1349, 157, 633, 1164, 0, 0, 15.22%, 0, 0, 24, 16946.89, 28161463, 1029, 0, 0
1354, 157, 1104, 1164, 0, 0, 15.22%, 0, 0, 24, 17968.63, 28252718, 1029, 0, 0
1360, 157, 891, 1164, 0, 0, 15.22%, 0, 0, 24, 19374.20, 28357251, 1029, 0, 0
1365, 158, 1147, 1164, 0, 0, 15.22%, 0, 0, 24, 18425.23, 28448915, 1029, 0, 0
1370, 158, 503, 1164, 0, 0, 15.22%, 0, 0, 24, 16470.51, 28532290, 1029, 0, 0
1375, 158, 206, 1164, 0, 0, 15.22%, 0, 0, 24, 18505.68, 28626533, 1029, 0, 0
1380, 159, 646, 1164, 0, 0, 15.22%, 0, 0, 24, 17035.01, 28710671, 1029, 0, 0
1385, 159, 1156, 1164, 0, 0, 15.22%, 0, 0, 24, 15034.32, 28782213, 1029, 0, 0
1390, 159, 1144, 1167, 1, 0, 15.22%, 0, 0, 24, 18244.57, 28881000, 1029, 0, 0
1389, 159, 1157, 1167, 1, 0, 15.22%, 0, 0, 24, 0.00, 28884254, 1029, 0, 0
1394, 159, 457, 1170, 0, 0, 15.22%, 0, 0, 24, 12433.49, 28949112, 1029, 0, 0
1399, 160, 500, 1171, 1, 0, 15.22%, 0, 0, 24, 16199.51, 29036016, 1029, 0, 0
1404, 160, 1171, 1172, 1, 0, 15.22%, 0, 0, 24, 635.23, 29075103, 1029, 0, 0
1409, 160, 43, 1172, 0, 0, 15.22%, 0, 0, 24, 16891.12, 29144126, 1029, 0, 0
1415, 160, 1151, 1172, 0, 0, 15.22%, 0, 0, 24, 16338.04, 29226825, 1029, 0, 0
1420, 161, 729, 1172, 0, 0, 15.22%, 0, 0, 24, 18157.20, 29321284, 1029, 0, 0
1425, 161, 588, 1172, 0, 0, 15.22%, 0, 0, 24, 17639.35, 29440103, 1029, 0, 0
1430, 161, 1140, 1172, 0, 0, 15.22%, 0, 0, 24, 18886.91, 29538938, 1029, 0, 0
1435, 162, 813, 1172, 0, 0, 15.22%, 0, 0, 24, 19226.13, 29636300, 1029, 0, 0
1440, 162, 638, 1173, 0, 0, 15.22%, 0, 0, 24, 18250.89, 29719513, 1029, 0, 0
1445, 162, 718, 1173, 0, 0, 15.22%, 0, 0, 24, 18523.29, 29807689, 1029, 0, 0
1451, 162, 872, 1176, 1, 0, 15.22%, 0, 0, 24, 14045.63, 29866568, 1029, 0, 0
1456, 163, 1082, 1176, 0, 0, 15.22%, 0, 0, 24, 20358.10, 29971660, 1029, 0, 0
1461, 163, 572, 1177, 1, 0, 15.22%, 0, 0, 24, 23208.40, 30047841, 1029, 0, 0
1466, 163, 1176, 1177, 1, 0, 15.22%, 0, 0, 24, 1426.96, 30109350, 1029, 0, 0
1471, 164, 959, 1177, 0, 0, 15.22%, 0, 0, 24, 18113.92, 30205350, 1029, 0, 0
1476, 164, 1170, 1179, 1, 0, 15.22%, 0, 0, 24, 16298.27, 30283535, 1029, 0, 0
1481, 164, 742, 1179, 0, 0, 15.22%, 0, 0, 24, 18115.55, 30369657, 1029, 0, 0
1487, 164, 1180, 1181, 2, 0, 15.22%, 0, 0, 24, 658.55, 30439562, 1029, 0, 0
1492, 164, 1181, 1182, 1, 0, 15.22%, 0, 0, 25, 270.30, 30490857, 1029, 0, 0
1497, 165, 1083, 1182, 0, 0, 15.22%, 0, 0, 25, 15371.33, 30552053, 1029, 0, 0
1502, 165, 253, 1182, 0, 0, 15.22%, 0, 0, 25, 17880.09, 30638452, 1029, 0, 0
1507, 165, 910, 1182, 0, 0, 15.22%, 0, 0, 25, 19179.12, 30735841, 1029, 0, 0
1512, 165, 621, 1182, 0, 0, 15.22%, 0, 0, 25, 18527.98, 30811114, 1029, 0, 0
1517, 166, 1180, 1182, 0, 0, 15.22%, 0, 0, 25, 18970.94, 30921771, 1029, 0, 0
1522, 166, 545, 1182, 0, 0, 15.22%, 0, 0, 25, 19275.78, 31005440, 1029, 0, 0
1527, 166, 1161, 1182, 0, 0, 15.22%, 0, 0, 25, 18608.04, 31082690, 1029, 0, 0
1532, 167, 1163, 1182, 0, 0, 15.22%, 0, 0, 25, 691.64, 31158333, 1029, 0, 0
1538, 167, 1062, 1182, 0, 0, 15.22%, 0, 0, 25, 20101.23, 31259617, 1029, 0, 0
1543, 167, 1180, 1183, 1, 0, 15.22%, 0, 0, 25, 554.69, 31321710, 1029, 0, 0
1548, 167, 598, 1183, 0, 0, 15.22%, 0, 0, 25, 18704.48, 31389103, 1029, 0, 0
1553, 168, 762, 1183, 0, 0, 15.22%, 0, 0, 25, 16255.81, 31463551, 1029, 0, 0
1558, 168, 1160, 1183, 0, 0, 15.22%, 0, 0, 25, 17893.96, 31557685, 1029, 0, 0
1563, 168, 442, 1183, 0, 0, 15.22%, 0, 0, 25, 19207.53, 31655790, 1029, 0, 0
1568, 168, 1172, 1183, 0, 0, 15.22%, 0, 0, 25, 19230.41, 31753358, 1029, 0, 0
1573, 169, 1183, 1184, 1, 0, 15.22%, 0, 0, 25, 606.33, 31832200, 1029, 0, 0
1578, 169, 1106, 1184, 0, 0, 15.22%, 0, 0, 25, 21614.80, 31894835, 1029, 0, 0
1584, 169, 702, 1184, 0, 0, 15.22%, 0, 0, 25, 18134.37, 31981528, 1029, 0, 0
1589, 169, 718, 1184, 0, 0, 15.22%, 0, 0, 25, 17924.70, 32070682, 1029, 0, 0
1594, 170, 786, 1184, 0, 0, 15.22%, 0, 0, 25, 17671.02, 32159863, 1029, 0, 0
1599, 170, 1170, 1184, 0, 0, 15.22%, 0, 0, 25, 19550.31, 32243498, 1029, 0, 0
1604, 170, 528, 1184, 0, 0, 15.22%, 0, 0, 25, 17927.61, 32332949, 1029, 0, 0
1609, 171, 692, 1184, 0, 0, 15.22%, 0, 0, 25, 20156.06, 32443077, 1029, 0, 0
1614, 171, 1184, 1185, 1, 0, 15.22%, 0, 0, 26, 428.18, 32520716, 1029, 0, 0
1619, 171, 1080, 1186, 1, 0, 15.22%, 0, 0, 27, 9753.59, 32533379, 1029, 0, 0
1624, 171, 1185, 1186, 1, 0, 15.22%, 0, 0, 27, 702.55, 32578730, 1029, 0, 0
1630, 171, 718, 1186, 0, 0, 15.22%, 0, 0, 27, 17699.14, 32657562, 1029, 0, 0
1635, 172, 1139, 1186, 0, 0, 15.22%, 0, 0, 27, 17099.24, 32744420, 1029, 0, 0
1640, 172, 1087, 1186, 0, 0, 15.22%, 0, 0, 27, 20450.00, 32814059, 1029, 0, 0
1639, 172, 950, 1186, 0, 0, 15.22%, 0, 0, 27, 0.00, 32816259, 1029, 0, 0
1644, 172, 413, 1186, 0, 0, 15.22%, 0, 0, 27, 18784.17, 32906039, 1029, 0, 0
1649, 172, 1182, 1186, 0, 0, 15.22%, 0, 0, 27, 20170.83, 32999057, 1029, 0, 0
1654, 173, 1184, 1187, 1, 0, 15.22%, 0, 0, 27, 503.42, 33083954, 1029, 0, 0
1659, 173, 1186, 1188, 2, 0, 15.22%, 0, 0, 27, 526.46, 33107964, 1029, 0, 0
1664, 173, 1096, 1188, 1, 0, 15.22%, 0, 0, 27, 17421.38, 33178608, 1029, 0, 0
1669, 173, 1187, 1188, 1, 0, 15.22%, 0, 0, 27, 472.54, 33188435, 1029, 0, 0
1674, 173, 1186, 1188, 0, 0, 15.22%, 0, 0, 27, 1914.15, 33236960, 1029, 0, 0
1680, 173, 565, 1188, 0, 0, 15.22%, 0, 0, 27, 17805.01, 33322808, 1029, 0, 0
1685, 174, 603, 1188, 0, 0, 15.22%, 0, 0, 27, 19423.85, 33420990, 1029, 0, 0
1690, 174, 948, 1188, 0, 0, 15.22%, 0, 0, 27, 19107.37, 33518420, 1029, 0, 0
1695, 174, 1150, 1188, 0, 0, 15.22%, 0, 0, 27, 19855.89, 33615971, 1029, 0, 0
1700, 174, 584, 1188, 0, 0, 15.22%, 0, 0, 27, 14902.21, 33685183, 1029, 0, 0
1705, 175, 1062, 1188, 0, 0, 15.22%, 0, 0, 27, 17000.94, 33798346, 1029, 0, 0
1710, 175, 878, 1188, 0, 0, 15.22%, 0, 0, 27, 18828.78, 33896142, 1029, 0, 0
1715, 175, 1062, 1188, 0, 0, 15.22%, 0, 0, 27, 18571.57, 33984531, 1029, 0, 0
1721, 175, 637, 1188, 0, 0, 15.22%, 0, 0, 27, 18888.11, 34073963, 1029, 0, 0
1726, 176, 1188, 1189, 1, 0, 15.22%, 0, 0, 28, 612.96, 34121978, 1029, 0, 0
1731, 176, 1016, 1189, 0, 0, 15.22%, 0, 0, 28, 11158.11, 34147636, 1029, 0, 0
1736, 176, 792, 1189, 0, 0, 15.22%, 0, 0, 28, 15583.26, 34258244, 1029, 0, 0
1741, 176, 286, 1189, 0, 0, 15.22%, 0, 0, 28, 17831.92, 34350037, 1029, 0, 0
1746, 176, 843, 1189, 0, 0, 15.22%, 0, 0, 28, 19628.03, 34429763, 1029, 0, 0
1751, 177, 420, 1189, 0, 0, 15.22%, 0, 0, 28, 19437.81, 34508383, 1029, 0, 0
1756, 177, 660, 1189, 0, 0, 15.22%, 0, 0, 28, 20756.55, 34597730, 1029, 0, 0
1761, 177, 638, 1189, 0, 0, 15.22%, 0, 0, 28, 21125.62, 34691125, 1029, 0, 0
1766, 177, 435, 1189, 0, 0, 15.22%, 0, 0, 28, 22099.72, 34808717, 1029, 0, 0
1772, 178, 15, 1189, 0, 0, 15.22%, 0, 0, 28, 19935.15, 34905114, 1029, 0, 0
1777, 178, 482, 1189, 0, 0, 15.22%, 0, 0, 28, 19572.04, 35006907, 1029, 0, 0
1782, 178, 729, 1189, 0, 0, 15.22%, 0, 0, 28, 18464.45, 35099763, 1029, 0, 0
1787, 178, 1184, 1189, 0, 0, 15.22%, 0, 0, 28, 16439.71, 35176368, 1029, 0, 0
1792, 179, 1170, 1189, 0, 0, 15.22%, 0, 0, 28, 17553.62, 35265574, 1029, 0, 0
1797, 179, 1031, 1189, 0, 0, 15.22%, 0, 0, 28, 20818.59, 35376256, 1029, 0, 0
1802, 179, 575, 1189, 0, 0, 15.22%, 0, 0, 28, 11888.59, 35457358, 1029, 0, 0
1807, 179, 431, 1189, 0, 0, 15.22%, 0, 0, 28, 16435.08, 35548853, 1029, 0, 0
1812, 180, 340, 1189, 0, 0, 15.22%, 0, 0, 28, 16935.46, 35631673, 1029, 0, 0
1817, 180, 955, 1189, 0, 0, 15.22%, 0, 0, 28, 17394.32, 35715459, 1029, 0, 0
1822, 180, 1000, 1189, 0, 0, 15.22%, 0, 0, 28, 19298.85, 35790667, 1029, 0, 0
1828, 180, 443, 1189, 0, 0, 15.22%, 0, 0, 28, 18366.95, 35868361, 1029, 0, 0
1827, 180, 132, 1189, 0, 0, 15.22%, 0, 0, 28, 0.00, 35878951, 1029, 0, 0
1832, 180, 1062, 1189, 0, 0, 15.22%, 0, 0, 28, 13379.15, 35949128, 1029, 0, 0
1837, 181, 1041, 1190, 1, 0, 15.22%, 0, 0, 28, 4903.99, 36032134, 1029, 0, 0
1842, 181, 1189, 1190, 1, 0, 15.22%, 0, 0, 28, 539.97, 36074532, 1029, 0, 0
1847, 181, 1181, 1190, 0, 0, 15.22%, 0, 0, 28, 17927.23, 36156632, 1029, 0, 0
1852, 181, 563, 1190, 0, 0, 15.22%, 0, 0, 28, 20235.01, 36259600, 1029, 0, 0
1857, 182, 76, 1190, 0, 0, 15.22%, 0, 0, 28, 21880.72, 36349590, 1029, 0, 0
1863, 182, 896, 1190, 0, 0, 15.22%, 0, 0, 28, 20360.16, 36459757, 1029, 0, 0
1868, 182, 617, 1190, 0, 0, 15.22%, 0, 0, 28, 17171.75, 36540179, 1029, 0, 0
1874, 182, 1190, 1191, 1, 0, 15.22%, 0, 0, 28, 617.36, 36560620, 1029, 0, 0
1879, 182, 1187, 1191, 0, 0, 15.22%, 0, 0, 28, 4309.26, 36573142, 1029, 0, 0
1884, 182, 1161, 1191, 0, 0, 15.22%, 0, 0, 28, 14799.73, 36660067, 1029, 0, 0
1889, 183, 1171, 1191, 0, 0, 15.22%, 0, 0, 28, 2307.69, 36751242, 1029, 0, 0
1895, 183, 998, 1192, 1, 0, 15.22%, 0, 0, 28, 11893.33, 36835611, 1029, 0, 0
1900, 183, 1188, 1193, 2, 0, 15.22%, 0, 0, 28, 2335.22, 36916963, 1029, 0, 0
1905, 183, 1191, 1193, 1, 0, 15.22%, 0, 0, 28, 1436.18, 36993198, 1029, 0, 0
1910, 183, 848, 1193, 0, 0, 15.22%, 0, 0, 28, 19845.62, 37081730, 1029, 0, 0
1915, 184, 524, 1193, 0, 0, 15.22%, 0, 0, 28, 19875.00, 37149226, 1029, 0, 0
1921, 184, 948, 1193, 0, 0, 15.22%, 0, 0, 28, 19251.87, 37227129, 1029, 0, 0
1926, 184, 929, 1193, 0, 0, 15.22%, 0, 0, 28, 19135.65, 37346674, 1029, 0, 0
1931, 184, 1013, 1193, 0, 0, 15.22%, 0, 0, 28, 18327.32, 37432936, 1029, 0, 0
1936, 184, 973, 1193, 0, 0, 15.22%, 0, 0, 28, 20386.08, 37528761, 1029, 0, 0
1941, 185, 1072, 1193, 0, 0, 15.22%, 0, 0, 28, 21404.80, 37615572, 1029, 0, 0
1946, 185, 1180, 1193, 0, 0, 15.22%, 0, 0, 28, 17945.72, 37709691, 1029, 0, 0
1952, 185, 593, 1193, 0, 0, 15.22%, 0, 0, 28, 16910.98, 37769900, 1029, 0, 0
1957, 185, 1186, 1193, 0, 0, 15.22%, 0, 0, 28, 2218.75, 37875195, 1029, 0, 0
1962, 186, 1112, 1193, 0, 0, 15.22%, 0, 0, 28, 20719.84, 37970574, 1029, 0, 0
1967, 186, 606, 1193, 0, 0, 15.22%, 0, 0, 28, 17928.05, 38055001, 1029, 0, 0
1972, 186, 1015, 1193, 0, 0, 15.22%, 0, 0, 28, 17842.06, 38145725, 1029, 0, 0
1978, 186, 1182, 1193, 0, 0, 15.22%, 0, 0, 28, 16504.85, 38222553, 1029, 0, 0
1983, 186, 295, 1193, 0, 0, 15.22%, 0, 0, 28, 17369.28, 38315277, 1029, 0, 0
1988, 187, 588, 1193, 0, 0, 15.22%, 0, 0, 28, 22799.97, 38416948, 1029, 0, 0
1993, 187, 1062, 1193, 0, 0, 15.22%, 0, 0, 28, 19757.01, 38512398, 1029, 0, 0
1998, 187, 584, 1193, 0, 0, 15.22%, 0, 0, 28, 14998.07, 38590079, 1029, 0, 0
2003, 187, 548, 1193, 0, 0, 15.22%, 0, 0, 28, 17602.87, 38684847, 1029, 0, 0
2008, 188, 713, 1193, 0, 0, 15.22%, 0, 0, 28, 20478.26, 38775460, 1029, 0, 0
2013, 188, 638, 1193, 0, 0, 15.22%, 0, 0, 28, 21059.48, 38854398, 1029, 0, 0
2019, 188, 1185, 1193, 0, 0, 15.22%, 0, 0, 28, 20108.14, 38943843, 1029, 0, 0
2024, 188, 1121, 1193, 0, 0, 15.22%, 0, 0, 28, 19620.09, 39034530, 1029, 0, 0
2029, 188, 617, 1193, 0, 0, 15.22%, 0, 0, 28, 18796.24, 39087665, 1029, 0, 0
2034, 189, 1052, 1193, 0, 0, 15.22%, 0, 0, 28, 18402.42, 39175130, 1029, 0, 0
2039, 189, 448, 1193, 0, 0, 15.22%, 0, 0, 28, 14524.77, 39261477, 1029, 0, 0
2044, 189, 268, 1193, 0, 0, 15.22%, 0, 0, 28, 20250.00, 39334580, 1029, 0, 0
2050, 189, 1184, 1195, 1, 0, 15.22%, 0, 0, 28, 2434.58, 39432883, 1029, 0, 0
2055, 189, 655, 1195, 0, 0, 15.22%, 0, 0, 28, 18467.71, 39520917, 1029, 0, 0
2060, 190, 585, 1195, 0, 0, 15.22%, 0, 0, 28, 18942.53, 39614942, 1029, 0, 0
2065, 190, 1185, 1195, 0, 0, 15.22%, 0, 0, 28, 1333.33, 39692404, 1029, 0, 0
2070, 190, 513, 1195, 0, 0, 15.22%, 0, 0, 28, 20600.86, 39754463, 1029, 0, 0
2076, 190, 1190, 1195, 0, 0, 15.22%, 0, 0, 28, 1431.35, 39819109, 1029, 0, 0
2081, 190, 75, 1195, 0, 0, 15.22%, 0, 0, 28, 14436.19, 39916345, 1029, 0, 0
2086, 191, 479, 1195, 0, 0, 15.22%, 0, 0, 28, 19044.90, 40017392, 1029, 0, 0
2091, 191, 1188, 1195, 0, 0, 15.22%, 0, 0, 28, 2973.98, 40101895, 1029, 0, 0
2096, 191, 1152, 1195, 0, 0, 15.22%, 0, 0, 28, 15808.82, 40180209, 1029, 0, 0
2101, 191, 729, 1195, 0, 0, 15.22%, 0, 0, 28, 20177.19, 40260743, 1029, 0, 0
2106, 191, 156, 1196, 1, 0, 15.22%, 0, 0, 28, 18970.89, 40351902, 1029, 0, 0
2112, 192, 584, 1196, 0, 0, 15.22%, 0, 0, 28, 13575.00, 40424045, 1029, 0, 0
2117, 192, 1110, 1196, 0, 0, 15.22%, 0, 0, 28, 15795.36, 40500339, 1029, 0, 0
2122, 192, 961, 1196, 0, 0, 15.22%, 0, 0, 28, 17247.17, 40572486, 1029, 0, 0
2127, 192, 1146, 1196, 0, 0, 15.22%, 0, 0, 28, 20528.73, 40659758, 1029, 0, 0
2132, 192, 1187, 1196, 0, 0, 15.22%, 0, 0, 28, 18181.84, 40738781, 1029, 0, 0
2137, 193, 585, 1196, 0, 0, 15.22%, 0, 0, 28, 19229.49, 40832977, 1029, 0, 0
2143, 193, 588, 1196, 0, 0, 15.22%, 0, 0, 28, 17078.42, 40921618, 1029, 0, 0
2148, 193, 1125, 1196, 0, 0, 15.22%, 0, 0, 28, 20647.48, 41000836, 1029, 0, 0
2153, 193, 354, 1196, 0, 0, 15.22%, 0, 0, 28, 20169.36, 41097352, 1029, 0, 0
2158, 193, 442, 1196, 0, 0, 15.22%, 0, 0, 28, 16859.55, 41178976, 1029, 0, 0
2163, 194, 523, 1196, 0, 0, 15.22%, 0, 0, 28, 17759.76, 41272218, 1029, 0, 0
2168, 194, 599, 1196, 0, 0, 15.22%, 0, 0, 28, 20071.21, 41346222, 1029, 0, 0
2173, 194, 605, 1196, 0, 0, 15.22%, 0, 0, 28, 20135.16, 41435382, 1029, 0, 0
2173, 194, 1034, 1196, 0, 0, 15.22%, 0, 0, 28, 0.00, 41442019, 1029, 0, 0
2178, 194, 1196, 1197, 1, 0, 15.22%, 0, 0, 28, 3440.83, 41488093, 1029, 0, 0
2183, 194, 578, 1197, 0, 0, 15.22%, 0, 0, 28, 13774.21, 41558516, 1029, 0, 0
2188, 195, 1190, 1197, 0, 0, 15.22%, 0, 0, 28, 2605.38, 41636906, 1029, 0, 0
2193, 195, 718, 1197, 0, 0, 15.22%, 0, 0, 28, 17799.79, 41726808, 1029, 0, 0
2198, 195, 543, 1198, 1, 0, 15.22%, 0, 0, 28, 19427.56, 41825269, 1029, 0, 0
2204, 195, 1182, 1198, 0, 0, 15.22%, 0, 0, 28, 17461.71, 41917216, 1029, 0, 0
2209, 195, 1181, 1199, 1, 0, 15.22%, 0, 0, 28, 18605.45, 42021290, 1029, 0, 0
2214, 196, 1188, 1199, 0, 0, 15.22%, 0, 0, 28, 242.11, 42083230, 1029, 0, 0
2220, 196, 1188, 1199, 0, 0, 15.22%, 0, 0, 28, 2908.35, 42179820, 1029, 0, 0
2225, 196, 1188, 1199, 0, 0, 15.22%, 0, 0, 28, 2888.30, 42245743, 1029, 0, 0
2230, 196, 548, 1199, 0, 0, 15.22%, 0, 0, 28, 19075.93, 42336131, 1029, 0, 0
2236, 196, 946, 1199, 0, 0, 15.22%, 0, 0, 28, 16106.06, 42405225, 1029, 0, 0
2241, 197, 792, 1199, 0, 0, 15.22%, 0, 0, 28, 16691.02, 42499748, 1029, 0, 0
2246, 197, 1151, 1199, 0, 0, 15.22%, 0, 0, 28, 19712.70, 42598923, 1029, 0, 0
2251, 197, 582, 1199, 0, 0, 15.22%, 0, 0, 28, 13139.30, 42679649, 1029, 0, 0
2256, 197, 609, 1199, 0, 0, 15.22%, 0, 0, 28, 17889.41, 42775787, 1029, 0, 0
2261, 197, 1175, 1199, 0, 0, 15.22%, 0, 0, 28, 20192.62, 42832974, 1029, 0, 0
2266, 197, 1200, 1201, 1, 0, 15.22%, 0, 0, 28, 556.43, 42877474, 1029, 0, 0
2273, 198, 1190, 1201, 0, 0, 15.22%, 0, 0, 28, 3151.37, 42968693, 1029, 0, 0
2278, 198, 1187, 1201, 0, 0, 15.22%, 0, 0, 28, 16254.57, 43047856, 1029, 0, 0
2283, 198, 620, 1201, 0, 0, 15.22%, 0, 0, 28, 22677.41, 43110036, 1029, 0, 0
2288, 198, 450, 1201, 0, 0, 15.22%, 0, 0, 28, 18519.67, 43200497, 1029, 0, 0
2293, 198, 503, 1201, 0, 0, 15.22%, 0, 0, 28, 19035.33, 43290025, 1029, 0, 0
2298, 199, 1192, 1201, 0, 0, 15.22%, 0, 0, 28, 18593.87, 43383333, 1029, 0, 0
2304, 199, 1187, 1202, 1, 0, 15.22%, 0, 0, 28, 17670.06, 43488121, 1029, 0, 0
2311, 199, 1201, 1202, 1, 0, 15.22%, 0, 0, 28, 1810.33, 43536503, 1029, 0, 0
2316, 199, 1201, 1202, 1, 0, 15.22%, 0, 0, 28, 148.20, 43537256, 1029, 0, 0
2321, 199, 786, 1203, 1, 0, 15.22%, 0, 0, 29, 23468.16, 43583706, 1029, 0, 0
2326, 199, 1202, 1203, 1, 0, 15.22%, 0, 0, 29, 146.35, 43609338, 1029, 0, 0
2331, 199, 606, 1203, 0, 0, 15.22%, 0, 0, 29, 18393.65, 43635279, 1029, 0, 0
2331, 199, 1193, 1203, 0, 0, 15.22%, 0, 0, 29, 0.00, 43647614, 1029, 0, 0
2336, 199, 971, 1203, 0, 0, 15.22%, 0, 0, 29, 9139.61, 43710000, 1029, 0, 0
2341, 199, 627, 1203, 0, 0, 15.22%, 0, 0, 29, 18490.61, 43787015, 1029, 0, 0
2346, 200, 497, 1203, 0, 0, 15.22%, 0, 0, 29, 18383.80, 43867514, 1029, 0, 0
2351, 200, 864, 1203, 0, 0, 15.22%, 0, 0, 29, 19381.68, 43961732, 1029, 0, 0
2356, 200, 1184, 1203, 0, 0, 15.22%, 0, 0, 29, 14340.92, 44031097, 1029, 0, 0
2362, 200, 514, 1203, 0, 0, 15.22%, 0, 0, 29, 15356.99, 44089840, 1029, 0, 0
2367, 200, 1182, 1203, 0, 0, 15.22%, 0, 0, 29, 2709.68, 44199815, 1029, 0, 0
2373, 201, 1202, 1203, 0, 0, 15.22%, 0, 0, 29, 2535.16, 44277581, 1029, 0, 0
2378, 201, 1201, 1205, 2, 0, 15.22%, 0, 0, 29, 172.41, 44337736, 1029, 0, 0
2383, 201, 595, 1206, 3, 0, 15.22%, 0, 0, 29, 15150.83, 44349096, 1029, 0, 0
2388, 201, 1204, 1206, 3, 0, 15.22%, 0, 0, 29, 207.15, 44359386, 1029, 0, 0
2393, 201, 593, 1206, 2, 0, 15.22%, 0, 0, 29, 15510.00, 44364355, 1029, 0, 0
2398, 201, 1205, 1206, 2, 0, 15.22%, 0, 0, 29, 763.51, 44415096, 1029, 0, 0
2403, 201, 1205, 1206, 2, 0, 15.22%, 0, 0, 29, 141.75, 44415860, 1029, 0, 0
2408, 201, 409, 1206, 1, 0, 15.22%, 0, 0, 29, 12705.00, 44443414, 1029, 0, 0
2413, 201, 1203, 1206, 1, 0, 15.22%, 0, 0, 29, 221.87, 44480560, 1029, 0, 0
2419, 201, 1200, 1206, 0, 0, 15.22%, 0, 0, 29, 8622.08, 44493365, 1029, 0, 0
2424, 201, 1102, 1206, 0, 0, 15.22%, 0, 0, 29, 20129.67, 44560414, 1029, 0, 0
2429, 201, 431, 1206, 0, 0, 15.22%, 0, 0, 29, 9711.97, 44663546, 1029, 0, 0
2434, 201, 724, 1206, 0, 0, 15.22%, 0, 0, 29, 16665.54, 44743809, 1029, 0, 0
2439, 202, 570, 1206, 0, 0, 15.22%, 0, 0, 29, 18926.72, 44841789, 1029, 0, 0
2444, 202, 1116, 1206, 0, 0, 15.22%, 0, 0, 29, 16996.19, 44923659, 1029, 0, 0
2449, 202, 1144, 1206, 0, 0, 15.22%, 0, 0, 29, 21805.90, 45015275, 1029, 0, 0
2455, 202, 1200, 1206, 0, 0, 15.22%, 0, 0, 29, 18812.55, 45099427, 1029, 0, 0
2460, 202, 1186, 1206, 0, 0, 15.22%, 0, 0, 29, 1633.39, 45203285, 1029, 0, 0
2466, 203, 1204, 1206, 0, 0, 15.22%, 0, 0, 29, 226.92, 45281688, 1029, 0, 0
2471, 203, 1205, 1207, 1, 0, 15.22%, 0, 0, 30, 170.92, 45324498, 1029, 0, 0
2477, 203, 1206, 1207, 1, 0, 15.22%, 0, 0, 30, 961.97, 45345754, 1029, 0, 0
2482, 203, 1206, 1207, 1, 0, 15.22%, 0, 0, 30, 107.28, 45346286, 1029, 0, 0
2487, 203, 1206, 1207, 1, 0, 15.22%, 0, 0, 30, 113.48, 45346872, 1029, 0, 0
2492, 203, 1206, 1207, 1, 0, 15.22%, 0, 0, 30, 58.99, 45347266, 1029, 0, 0
2497, 203, 742, 1207, 0, 0, 15.22%, 0, 0, 30, 19675.54, 45397315, 1029, 0, 0
2502, 203, 1143, 1207, 0, 0, 15.22%, 0, 0, 30, 17838.08, 45476824, 1029, 0, 0
2507, 203, 1204, 1207, 0, 0, 15.22%, 0, 0, 30, 327.83, 45512096, 1029, 0, 0
2512, 203, 612, 1207, 0, 0, 15.22%, 0, 0, 30, 20830.29, 45618200, 1029, 0, 0
2518, 203, 1188, 1207, 0, 0, 15.22%, 0, 0, 30, 1785.83, 45700893, 1029, 0, 0
2523, 204, 1015, 1207, 0, 0, 15.22%, 0, 0, 30, 13345.11, 45787245, 1029, 0, 0
2528, 204, 1175, 1207, 0, 0, 15.22%, 0, 0, 30, 15115.48, 45859938, 1029, 0, 0
2534, 204, 1204, 1207, 0, 0, 15.22%, 0, 0, 30, 567.52, 45917884, 1029, 0, 0
2539, 204, 523, 1207, 0, 0, 15.22%, 0, 0, 30, 20877.86, 46021333, 1029, 0, 0
2544, 204, 503, 1207, 0, 0, 15.22%, 0, 0, 30, 14502.24, 46075234, 1029, 0, 0
2549, 204, 733, 1207, 0, 0, 15.22%, 0, 0, 30, 11721.39, 46138879, 1029, 0, 0
2554, 204, 598, 1207, 0, 0, 15.22%, 0, 0, 30, 13157.14, 46173164, 1029, 0, 0
2559, 205, 696, 1207, 0, 0, 15.22%, 0, 0, 30, 14506.46, 46244628, 1029, 0, 0
2564, 205, 660, 1207, 0, 0, 15.22%, 0, 0, 30, 16138.21, 46299505, 1029, 0, 0
2569, 205, 1114, 1207, 0, 0, 15.22%, 0, 0, 30, 17115.65, 46378042, 1029, 0, 0
2574, 205, 1176, 1207, 0, 0, 15.22%, 0, 0, 30, 18149.99, 46468921, 1029, 0, 0
2580, 205, 1201, 1207, 0, 0, 15.22%, 0, 0, 30, 2548.73, 46561268, 1029, 0, 0
2585, 205, 1199, 1207, 0, 0, 15.22%, 0, 0, 30, 19239.90, 46625273, 1029, 0, 0
2590, 205, 1093, 1207, 0, 0, 15.22%, 0, 0, 30, 18670.93, 46672647, 1029, 0, 0
2595, 206, 585, 1207, 0, 0, 15.22%, 0, 0, 30, 19199.24, 46768529, 1029, 0, 0
2601, 206, 1200, 1207, 0, 0, 15.22%, 0, 0, 30, 694.44, 46834759, 1029, 0, 0
2606, 206, 718, 1207, 0, 0, 15.22%, 0, 0, 30, 20590.15, 46917673, 1029, 0, 0
2612, 206, 1205, 1207, 0, 0, 15.22%, 0, 0, 30, 728.57, 46995638, 1029, 0, 0
2617, 206, 662, 1207, 0, 0, 15.22%, 0, 0, 30, 17159.32, 47101014, 1029, 0, 0
2622, 206, 1186, 1207, 0, 0, 15.22%, 0, 0, 30, 1112.03, 47152178, 1029, 0, 0
2627, 207, 714, 1207, 0, 0, 15.22%, 0, 0, 30, 17587.09, 47236942, 1029, 0, 0
2632, 207, 1191, 1207, 0, 0, 15.22%, 0, 0, 30, 1619.68, 47318294, 1029, 0, 0
2638, 207, 792, 1207, 0, 0, 15.22%, 0, 0, 30, 20423.84, 47419108, 1029, 0, 0
2643, 207, 548, 1207, 0, 0, 15.22%, 0, 0, 30, 14190.84, 47501567, 1029, 0, 0
2648, 207, 651, 1207, 0, 0, 15.22%, 0, 0, 30, 16213.33, 47580620, 1029, 0, 0
2653, 207, 548, 1207, 0, 0, 15.22%, 0, 0, 30, 18589.34, 47635186, 1029, 0, 0
2658, 207, 1206, 1207, 0, 0, 15.22%, 0, 0, 30, 2291.26, 47702078, 1029, 0, 0
2664, 208, 1186, 1207, 0, 0, 15.22%, 0, 0, 30, 3181.15, 47794739, 1029, 0, 0
2669, 208, 1062, 1207, 0, 0, 15.22%, 0, 0, 30, 20137.10, 47901355, 1029, 0, 0
2674, 208, 1083, 1207, 0, 0, 15.22%, 0, 0, 30, 20188.48, 47976728, 1029, 0, 0
2680, 208, 1203, 1207, 0, 0, 15.22%, 0, 0, 30, 15521.51, 48078639, 1029, 0, 0
2685, 208, 674, 1207, 0, 0, 15.22%, 0, 0, 30, 15398.26, 48146903, 1029, 0, 0
2690, 208, 0, 1207, 0, 0, 15.22%, 0, 0, 30, 18828.32, 48246693, 1029, 0, 0
2695, 209, 638, 1207, 0, 0, 15.22%, 0, 0, 30, 18748.09, 48334116, 1029, 0, 0
2700, 209, 1038, 1207, 0, 0, 15.22%, 0, 0, 30, 19649.69, 48431331, 1029, 0, 0
2705, 209, 1206, 1208, 1, 0, 15.22%, 0, 0, 31, 130.35, 48483541, 1029, 0, 0
2713, 209, 1207, 1208, 1, 0, 15.22%, 0, 0, 31, 105.28, 48504599, 1029, 0, 0
2718, 209, 1207, 1208, 1, 0, 15.22%, 0, 0, 31, 118.46, 48505207, 1029, 0, 0
2724, 209, 1207, 1208, 1, 0, 15.22%, 0, 0, 31, 96.08, 48505705, 1029, 0, 0
2729, 209, 1207, 1208, 1, 0, 15.22%, 0, 0, 31, 66.11, 48506000, 1029, 0, 0
2734, 209, 725, 1208, 0, 0, 15.22%, 0, 0, 31, 13198.27, 48547733, 1029, 0, 0
2739, 209, 1188, 1208, 0, 0, 15.22%, 0, 0, 31, 1677.74, 48607213, 1029, 0, 0
2744, 209, 963, 1208, 0, 0, 15.22%, 0, 0, 31, 16015.35, 48697310, 1029, 0, 0
2749, 210, 1202, 1208, 0, 0, 15.22%, 0, 0, 31, 18882.03, 48755513, 1029, 0, 0
2754, 210, 1200, 1208, 0, 0, 15.22%, 0, 0, 31, 11483.17, 48803809, 1029, 0, 0
2759, 210, 479, 1208, 0, 0, 15.22%, 0, 0, 31, 19394.49, 48880765, 1029, 0, 0
2764, 210, 1139, 1208, 0, 0, 15.22%, 0, 0, 31, 18008.32, 48966626, 1029, 0, 0
2769, 210, 1089, 1208, 0, 0, 15.22%, 0, 0, 31, 14455.93, 49018274, 1029, 0, 0
2774, 210, 713, 1208, 0, 0, 15.22%, 0, 0, 31, 17483.59, 49110224, 1029, 0, 0
2779, 210, 667, 1208, 0, 0, 15.22%, 0, 0, 31, 12518.40, 49187770, 1029, 0, 0
2784, 210, 1175, 1208, 0, 0, 15.22%, 0, 0, 31, 21794.34, 49236479, 1029, 0, 0
2790, 211, 1123, 1208, 0, 0, 15.22%, 0, 0, 31, 17997.57, 49321594, 1029, 0, 0
2795, 211, 1149, 1208, 0, 0, 15.22%, 0, 0, 31, 15554.91, 49395413, 1029, 0, 0
2800, 211, 75, 1208, 0, 0, 15.22%, 0, 0, 31, 18761.36, 49484670, 1029, 0, 0
2805, 211, 164, 1208, 0, 0, 15.22%, 0, 0, 31, 21220.81, 49579100, 1029, 0, 0
2811, 211, 1206, 1208, 0, 0, 15.22%, 0, 0, 31, 1586.18, 49638903, 1029, 0, 0
2816, 211, 641, 1208, 0, 0, 15.22%, 0, 0, 31, 18642.97, 49721321, 1029, 0, 0
2821, 212, 448, 1208, 0, 0, 15.22%, 0, 0, 31, 16796.58, 49803550, 1029, 0, 0
2826, 212, 1190, 1208, 0, 0, 15.22%, 0, 0, 31, 16175.65, 49882233, 1029, 0, 0
2831, 212, 663, 1208, 0, 0, 15.22%, 0, 0, 31, 18579.94, 49948714, 1029, 0, 0
2837, 212, 1196, 1208, 0, 0, 15.22%, 0, 0, 31, 22514.99, 50061743, 1029, 0, 0
2842, 212, 1190, 1208, 0, 0, 15.22%, 0, 0, 31, 1735.02, 50125980, 1029, 0, 0
2847, 212, 593, 1208, 0, 0, 15.22%, 0, 0, 31, 20678.49, 50203632, 1029, 0, 0
2852, 212, 724, 1208, 0, 0, 15.22%, 0, 0, 31, 21380.57, 50261380, 1029, 0, 0
2857, 213, 577, 1208, 0, 0, 15.22%, 0, 0, 31, 18920.00, 50332243, 1029, 0, 0
2862, 213, 1101, 1208, 0, 0, 15.22%, 0, 0, 31, 21771.94, 50434644, 1029, 0, 0
2867, 213, 1204, 1208, 0, 0, 15.22%, 0, 0, 31, 228.49, 50507081, 1029, 0, 0
2867, 213, 724, 1208, 0, 0, 15.22%, 0, 0, 31, 0.00, 50513507, 1029, 0, 0
2872, 213, 1040, 1208, 0, 0, 15.22%, 0, 0, 31, 18527.60, 50608844, 1029, 0, 0
2877, 213, 572, 1208, 0, 0, 15.22%, 0, 0, 31, 11924.62, 50663980, 1029, 0, 0
2882, 213, 627, 1208, 0, 0, 15.22%, 0, 0, 31, 17628.56, 50763156, 1029, 0, 0
2887, 214, 696, 1208, 0, 0, 15.22%, 0, 0, 31, 20508.76, 50860291, 1029, 0, 0
2893, 214, 431, 1208, 0, 0, 15.22%, 0, 0, 31, 11854.16, 50923805, 1029, 0, 0
2898, 214, 603, 1208, 0, 0, 15.22%, 0, 0, 31, 15528.11, 50973542, 1029, 0, 0
2903, 214, 762, 1208, 0, 0, 15.22%, 0, 0, 31, 17821.11, 51036719, 1029, 0, 0
2908, 214, 1187, 1208, 0, 0, 15.22%, 0, 0, 31, 1510.07, 51091083, 1029, 0, 0
2914, 214, 36, 1208, 0, 0, 15.22%, 0, 0, 31, 17412.60, 51158591, 1029, 0, 0
2919, 214, 588, 1208, 0, 0, 15.22%, 0, 0, 31, 20330.66, 51229601, 1029, 0, 0
2924, 214, 763, 1208, 0, 0, 15.22%, 0, 0, 31, 11275.70, 51288903, 1029, 0, 0
2929, 215, 1113, 1208, 0, 0, 15.22%, 0, 0, 31, 16393.46, 51376419, 1029, 0, 0
2934, 215, 1082, 1208, 0, 0, 15.22%, 0, 0, 31, 21069.11, 51479061, 1029, 0, 0
2940, 215, 1187, 1208, 0, 0, 15.22%, 0, 0, 31, 375.00, 51556881, 1029, 0, 0
2945, 215, 1186, 1208, 0, 0, 15.22%, 0, 0, 31, 3834.63, 51629416, 1029, 0, 0
2950, 215, 518, 1208, 0, 0, 15.22%, 0, 0, 31, 21182.06, 51705087, 1029, 0, 0
2955, 215, 1206, 1208, 0, 0, 15.22%, 0, 0, 31, 1590.91, 51743235, 1029, 0, 0
2960, 215, 1127, 1208, 0, 0, 15.22%, 0, 0, 31, 3510.55, 51814181, 1029, 0, 0
2966, 216, 992, 1208, 0, 0, 15.22%, 0, 0, 31, 16756.79, 51917595, 1029, 0, 0
2971, 216, 962, 1208, 0, 0, 15.22%, 0, 0, 31, 13815.92, 51997554, 1029, 0, 0
2976, 216, 942, 1208, 0, 0, 15.22%, 0, 0, 31, 20598.89, 52056818, 1029, 0, 0
2981, 216, 1135, 1208, 0, 0, 15.22%, 0, 0, 31, 20822.64, 52129364, 1029, 0, 0
2986, 216, 116, 1208, 0, 0, 15.22%, 0, 0, 31, 18798.78, 52203278, 1029, 0, 0
2991, 216, 1144, 1208, 0, 0, 15.22%, 0, 0, 31, 18693.35, 52296365, 1029, 0, 0
2997, 217, 1205, 1208, 0, 0, 15.22%, 0, 0, 31, 321.43, 52379030, 1029, 0, 0
3000, 217, 562, 1208, 0, 0, 15.22%, 0, 0, 31, 11860.80, 52419900, 1029, 0, 0
