# relative_time, cycles_done, cur_item, corpus_count, pending_total, pending_favs, map_size, saved_crashes, saved_hangs, max_depth, execs_per_sec, total_execs, edges_found
61, 1, 0, 335, 220, 0, 29.78%, 0, 0, 10, 4551.07, 289366, 2240
66, 2, 359, 361, 235, 0, 29.87%, 0, 0, 10, 4523.02, 312571, 2247
71, 4, 378, 381, 243, 3, 29.87%, 0, 0, 10, 4467.62, 342092, 2247
76, 5, 46, 384, 241, 0, 29.87%, 0, 0, 10, 4524.45, 364821, 2247
81, 5, 56, 386, 242, 0, 29.87%, 0, 0, 10, 4585.21, 387880, 2247
86, 5, 117, 386, 235, 0, 29.87%, 0, 0, 10, 4620.00, 411755, 2247
91, 5, 168, 386, 229, 0, 29.87%, 0, 0, 10, 4623.22, 435617, 2247
97, 5, 211, 390, 227, 0, 29.87%, 0, 0, 10, 4596.50, 459429, 2247
102, 5, 281, 393, 222, 0, 29.87%, 0, 0, 10, 4491.78, 489311, 2247
107, 5, 323, 395, 215, 0, 29.87%, 0, 0, 10, 4562.30, 512991, 2247
112, 5, 338, 399, 215, 0, 29.87%, 0, 0, 11, 4437.78, 534957, 2247
117, 5, 367, 404, 218, 0, 29.87%, 0, 0, 11, 4447.16, 557988, 2247
122, 5, 402, 405, 214, 0, 29.87%, 0, 0, 11, 4531.45, 580820, 2247
127, 6, 262, 422, 225, 2, 30.00%, 0, 0, 11, 4553.15, 603817, 2257
132, 7, 28, 432, 227, 0, 30.07%, 0, 0, 11, 4335.84, 633351, 2262
137, 7, 43, 432, 223, 0, 30.07%, 0, 0, 11, 4471.85, 656042, 2262
142, 7, 55, 432, 222, 0, 30.07%, 0, 0, 11, 4523.16, 679446, 2262
148, 7, 109, 433, 215, 0, 30.07%, 0, 0, 11, 4441.52, 702484, 2262
153, 7, 146, 433, 210, 0, 30.07%, 0, 0, 11, 3993.34, 722225, 2262
158, 7, 200, 433, 205, 0, 30.07%, 0, 0, 11, 3934.18, 742471, 2262
163, 7, 268, 435, 197, 0, 30.07%, 0, 0, 11, 4649.92, 771141, 2262
168, 7, 323, 436, 191, 0, 30.07%, 0, 0, 11, 4598.98, 794172, 2262
173, 7, 367, 438, 186, 0, 30.07%, 0, 0, 11, 4599.93, 817286, 2262
178, 7, 396, 441, 187, 0, 30.07%, 0, 0, 12, 4531.98, 840472, 2262
183, 7, 412, 442, 187, 0, 30.07%, 0, 0, 12, 4533.76, 863312, 2262
188, 7, 423, 445, 186, 0, 30.07%, 0, 0, 12, 4382.65, 885357, 2262
193, 7, 443, 448, 186, 0, 30.07%, 0, 0, 12, 4435.80, 908432, 2262
192, 7, 443, 448, 186, 0, 30.07%, 0, 0, 12, 0.00, 911256, 2262
197, 8, 38, 458, 185, 0, 30.07%, 0, 0, 12, 4507.00, 933873, 2262
202, 8, 46, 461, 187, 0, 30.07%, 0, 0, 12, 4559.75, 956935, 2262
207, 8, 79, 462, 186, 0, 30.07%, 0, 0, 12, 4589.92, 980056, 2262
213, 8, 143, 462, 181, 0, 30.07%, 0, 0, 12, 4613.49, 1004094, 2262
218, 8, 201, 462, 178, 0, 30.07%, 0, 0, 12, 4583.46, 1027885, 2262
223, 8, 262, 463, 174, 0, 30.07%, 0, 0, 12, 4577.34, 1051353, 2262
228, 8, 332, 463, 168, 0, 30.07%, 0, 0, 12, 4508.12, 1081025, 2262
233, 8, 385, 466, 165, 0, 30.07%, 0, 0, 12, 4555.77, 1104757, 2262
238, 8, 393, 470, 167, 0, 30.07%, 0, 0, 12, 4383.17, 1127272, 2262
244, 8, 417, 470, 161, 0, 30.07%, 0, 0, 12, 4496.63, 1150698, 2262
249, 8, 439, 471, 159, 0, 30.07%, 0, 0, 12, 4468.66, 1173203, 2262
254, 8, 457, 475, 160, 0, 30.07%, 0, 0, 12, 4490.98, 1196003, 2262
259, 8, 476, 477, 158, 0, 30.07%, 0, 0, 12, 4354.37, 1224890, 2262
264, 9, 41, 481, 157, 0, 30.07%, 0, 0, 12, 4272.47, 1247478, 2262
269, 9, 49, 481, 157, 0, 30.07%, 0, 0, 12, 4152.19, 1266905, 2262
274, 9, 98, 481, 154, 0, 30.07%, 0, 0, 12, 4335.56, 1289489, 2262
279, 9, 168, 481, 148, 0, 30.07%, 0, 0, 12, 4510.11, 1312981, 2262
284, 9, 254, 481, 143, 0, 30.07%, 0, 0, 12, 4524.72, 1336040, 2262
290, 9, 358, 482, 139, 0, 30.07%, 0, 0, 12, 4529.32, 1366166, 2262
295, 9, 428, 482, 135, 0, 30.07%, 0, 0, 12, 4527.49, 1388794, 2262
300, 9, 470, 482, 132, 0, 30.07%, 0, 0, 12, 4510.96, 1411460, 2262
305, 9, 484, 487, 132, 0, 30.07%, 0, 0, 12, 4396.95, 1434240, 2262
310, 10, 26, 493, 137, 2, 30.07%, 0, 0, 12, 4453.44, 1457368, 2262
315, 11, 41, 493, 132, 0, 30.07%, 0, 0, 12, 4526.49, 1481039, 2262
321, 11, 56, 494, 133, 0, 30.07%, 0, 0, 12, 4550.60, 1511267, 2262
326, 11, 126, 494, 128, 0, 30.07%, 0, 0, 12, 4646.14, 1535083, 2262
331, 11, 183, 494, 126, 0, 30.07%, 0, 0, 12, 4651.71, 1559053, 2262
336, 11, 262, 494, 122, 0, 30.07%, 0, 0, 12, 4605.25, 1582726, 2262
341, 11, 322, 495, 115, 0, 30.07%, 0, 0, 12, 4571.92, 1606416, 2262
346, 11, 373, 495, 109, 0, 30.07%, 0, 0, 12, 4548.25, 1629976, 2262
352, 11, 445, 496, 104, 0, 30.07%, 0, 0, 12, 4559.69, 1659830, 2262
357, 11, 480, 497, 100, 0, 30.07%, 0, 0, 12, 4544.68, 1682463, 2262
362, 11, 490, 497, 98, 0, 30.07%, 0, 0, 12, 4405.13, 1704700, 2262
367, 11, 492, 502, 103, 0, 30.07%, 0, 0, 12, 4396.57, 1727525, 2262
372, 11, 501, 506, 106, 0, 30.07%, 0, 0, 12, 4341.32, 1750038, 2262
377, 11, 507, 509, 107, 1, 30.67%, 0, 0, 12, 4366.52, 1771888, 2307
382, 12, 0, 515, 111, 0, 30.67%, 0, 0, 12, 4428.65, 1801047, 2307
387, 12, 46, 515, 106, 0, 30.67%, 0, 0, 12, 4484.95, 1823805, 2307
392, 12, 79, 516, 107, 0, 30.67%, 0, 0, 12, 4577.82, 1846847, 2307
397, 12, 162, 516, 106, 0, 30.67%, 0, 0, 12, 4537.18, 1870253, 2307
402, 12, 239, 517, 103, 0, 30.67%, 0, 0, 12, 4568.51, 1893664, 2307
407, 12, 313, 518, 101, 0, 30.67%, 0, 0, 12, 4296.05, 1914565, 2307
413, 12, 395, 519, 97, 0, 30.67%, 0, 0, 12, 4417.57, 1943610, 2307
418, 12, 409, 521, 97, 0, 30.67%, 0, 0, 12, 4467.09, 1966127, 2307
423, 12, 472, 522, 94, 0, 30.67%, 0, 0, 12, 4497.57, 1989411, 2307
428, 12, 493, 523, 92, 0, 30.67%, 0, 0, 12, 4457.08, 2011703, 2307
433, 12, 508, 527, 91, 0, 30.67%, 0, 0, 12, 4347.23, 2033531, 2307
438, 12, 508, 528, 92, 0, 30.67%, 0, 0, 12, 4299.33, 2055515, 2307
443, 12, 510, 528, 91, 0, 30.67%, 0, 0, 12, 4356.65, 2083643, 2307
448, 12, 516, 529, 91, 0, 30.67%, 0, 0, 12, 4427.05, 2106027, 2307
453, 13, 88, 539, 98, 1, 30.67%, 0, 0, 12, 4490.62, 2128668, 2307
458, 14, 0, 539, 95, 0, 30.67%, 0, 0, 12, 4443.49, 2150853, 2307
463, 14, 46, 539, 94, 0, 30.67%, 0, 0, 12, 4441.06, 2173101, 2307
468, 14, 72, 539, 94, 0, 30.67%, 0, 0, 12, 4545.28, 2196002, 2307
473, 14, 182, 539, 91, 0, 30.67%, 0, 0, 12, 4536.86, 2225594, 2307
478, 14, 264, 540, 91, 0, 30.67%, 0, 0, 12, 4456.99, 2248550, 2307
483, 14, 346, 540, 90, 0, 30.67%, 0, 0, 12, 4571.46, 2272360, 2307
489, 14, 430, 540, 85, 0, 30.67%, 0, 0, 12, 4455.06, 2295407, 2307
494, 14, 440, 541, 84, 0, 30.67%, 0, 0, 13, 4523.07, 2318092, 2307
499, 14, 471, 542, 82, 0, 30.67%, 0, 0, 13, 4391.48, 2340667, 2307
504, 14, 508, 544, 82, 0, 30.67%, 0, 0, 13, 4175.45, 2368634, 2307
509, 14, 508, 544, 82, 0, 30.67%, 0, 0, 13, 4318.07, 2390344, 2307
514, 14, 526, 544, 81, 0, 30.67%, 0, 0, 13, 4385.85, 2412577, 2307
519, 14, 538, 545, 81, 0, 30.67%, 0, 0, 13, 4377.50, 2434377, 2307
524, 15, 0, 548, 82, 0, 30.67%, 0, 0, 13, 4435.62, 2457427, 2307
529, 15, 42, 548, 81, 0, 30.67%, 0, 0, 13, 4495.09, 2480084, 2307
534, 15, 56, 548, 80, 0, 30.67%, 0, 0, 13, 4550.94, 2510411, 2307
540, 15, 146, 548, 80, 0, 30.67%, 0, 0, 13, 4577.67, 2534252, 2307
545, 15, 254, 548, 78, 0, 30.67%, 0, 0, 13, 4592.39, 2557903, 2307
550, 15, 340, 548, 78, 0, 30.67%, 0, 0, 13, 4523.56, 2581450, 2307
555, 15, 446, 548, 77, 0, 30.67%, 0, 0, 13, 4455.66, 2604661, 2307
560, 15, 473, 551, 75, 0, 30.67%, 0, 0, 13, 4378.56, 2627326, 2307
565, 15, 498, 551, 71, 0, 30.67%, 0, 0, 13, 4437.34, 2655960, 2307
570, 15, 534, 551, 70, 0, 30.67%, 0, 0, 13, 4407.70, 2678025, 2307
575, 15, 540, 551, 69, 0, 30.67%, 0, 0, 13, 4420.58, 2700215, 2307
580, 15, 543, 554, 71, 0, 30.67%, 0, 0, 14, 4327.03, 2722113, 2307
586, 15, 552, 554, 69, 0, 30.67%, 0, 0, 14, 4349.45, 2744777, 2307
591, 16, 38, 555, 69, 0, 30.67%, 0, 0, 14, 4458.81, 2767283, 2307
596, 16, 52, 555, 69, 0, 30.67%, 0, 0, 14, 4588.44, 2797006, 2307
601, 16, 94, 560, 74, 0, 30.67%, 0, 0, 14, 4525.38, 2820066, 2307
606, 16, 182, 565, 78, 0, 30.67%, 0, 0, 14, 4596.10, 2843794, 2307
611, 16, 264, 571, 83, 0, 30.67%, 0, 0, 14, 4581.03, 2867446, 2307
616, 16, 324, 573, 85, 0, 30.67%, 0, 0, 14, 4533.47, 2890829, 2307
622, 16, 402, 575, 85, 0, 30.67%, 0, 0, 14, 4389.77, 2913650, 2307
627, 16, 475, 578, 84, 0, 30.67%, 0, 0, 14, 4480.70, 2943101, 2307
632, 16, 532, 580, 81, 0, 30.67%, 0, 0, 14, 4472.20, 2965423, 2307
637, 16, 534, 583, 83, 0, 30.67%, 0, 0, 14, 4270.95, 2987357, 2307
642, 16, 535, 583, 83, 0, 30.67%, 0, 0, 14, 4362.44, 3009233, 2307
647, 16, 551, 585, 82, 0, 30.67%, 0, 0, 15, 4432.55, 3031297, 2307
652, 16, 564, 590, 85, 0, 30.67%, 0, 0, 15, 4402.39, 3053737, 2307
657, 16, 564, 592, 87, 0, 30.67%, 0, 0, 15, 4237.55, 3074605, 2307
656, 16, 564, 592, 87, 0, 30.67%, 0, 0, 15, 0.00, 3075949, 2307
661, 16, 574, 596, 88, 0, 30.67%, 0, 0, 15, 4168.75, 3096659, 2307
666, 16, 587, 597, 87, 0, 30.67%, 0, 0, 15, 4149.50, 3117350, 2307
671, 16, 596, 599, 86, 0, 30.67%, 0, 0, 15, 4184.87, 3138783, 2307
676, 16, 598, 603, 88, 0, 30.67%, 0, 0, 15, 4043.89, 3159051, 2307
681, 16, 603, 604, 87, 0, 30.67%, 0, 0, 15, 3939.61, 3178509, 2307
686, 17, 47, 615, 96, 0, 30.67%, 0, 0, 15, 4365.30, 3200980, 2307
691, 17, 111, 615, 93, 0, 30.67%, 0, 0, 15, 4518.59, 3230626, 2307
696, 17, 204, 615, 91, 0, 30.67%, 0, 0, 15, 4604.34, 3254324, 2307
701, 17, 311, 615, 90, 0, 30.67%, 0, 0, 15, 4535.79, 3277764, 2307
707, 17, 425, 615, 89, 0, 30.67%, 0, 0, 15, 4541.62, 3301230, 2307
712, 17, 493, 616, 86, 0, 30.67%, 0, 0, 15, 4199.67, 3323036, 2307
717, 17, 513, 616, 86, 0, 30.67%, 0, 0, 15, 4387.07, 3345224, 2307
722, 17, 533, 619, 85, 0, 30.67%, 0, 0, 15, 4399.75, 3373931, 2307
727, 17, 534, 619, 85, 0, 30.67%, 0, 0, 15, 4455.55, 3396304, 2307
732, 17, 544, 619, 83, 0, 30.67%, 0, 0, 15, 4300.77, 3417882, 2307
737, 17, 544, 619, 83, 0, 30.67%, 0, 0, 15, 4403.82, 3440550, 2307
742, 17, 568, 620, 80, 0, 30.67%, 0, 0, 15, 4214.22, 3461648, 2307
747, 17, 581, 623, 80, 0, 30.67%, 0, 0, 15, 4295.49, 3483821, 2307
752, 17, 606, 626, 78, 0, 30.67%, 0, 0, 15, 4265.31, 3512804, 2307
757, 17, 616, 629, 79, 0, 30.67%, 0, 0, 15, 3945.10, 3532043, 2307
762, 17, 629, 630, 77, 0, 30.67%, 0, 0, 15, 3879.06, 3551547, 2307
768, 18, 43, 637, 83, 0, 30.67%, 0, 0, 15, 4350.05, 3574597, 2307
773, 18, 56, 637, 83, 0, 30.67%, 0, 0, 15, 4489.90, 3597368, 2307
778, 18, 139, 640, 86, 0, 30.67%, 0, 0, 15, 4551.29, 3620786, 2307
783, 18, 262, 640, 85, 0, 30.67%, 0, 0, 15, 4580.76, 3650466, 2307
788, 18, 360, 640, 85, 0, 30.67%, 0, 0, 15, 4530.99, 3674056, 2307
793, 18, 418, 640, 83, 0, 30.67%, 0, 0, 15, 4456.36, 3696174, 2307
798, 18, 472, 641, 84, 0, 30.67%, 0, 0, 15, 4403.39, 3718814, 2307
803, 18, 497, 641, 84, 0, 30.67%, 0, 0, 15, 4466.31, 3741183, 2307
809, 18, 523, 641, 84, 0, 30.67%, 0, 0, 15, 4382.46, 3763718, 2307
814, 18, 543, 642, 85, 0, 30.67%, 0, 0, 15, 4336.42, 3792336, 2307
819, 18, 543, 642, 85, 0, 30.67%, 0, 0, 15, 4369.49, 3814787, 2307
824, 18, 569, 642, 83, 0, 30.67%, 0, 0, 15, 4096.88, 3835946, 2307
829, 18, 583, 643, 82, 0, 30.67%, 0, 0, 15, 4104.97, 3856212, 2307
834, 18, 611, 645, 80, 0, 30.67%, 0, 0, 15, 4162.34, 3877476, 2307
839, 18, 620, 647, 79, 0, 30.67%, 0, 0, 15, 4229.38, 3899022, 2307
844, 19, 43, 650, 76, 0, 30.67%, 0, 0, 15, 4687.11, 3927272, 2307
849, 19, 52, 651, 77, 0, 30.67%, 0, 0, 15, 4557.33, 3949988, 2307
854, 19, 138, 651, 77, 0, 30.67%, 0, 0, 15, 4529.75, 3973210, 2307
859, 19, 233, 651, 76, 0, 30.67%, 0, 0, 15, 4533.22, 3996686, 2307
865, 19, 323, 651, 76, 0, 30.67%, 0, 0, 15, 4572.73, 4020518, 2307
870, 19, 393, 651, 76, 0, 30.67%, 0, 0, 15, 4337.44, 4041418, 2307
875, 19, 523, 653, 78, 0, 30.67%, 0, 0, 15, 4447.01, 4070164, 2307
880, 19, 523, 653, 78, 0, 30.67%, 0, 0, 15, 4437.68, 4092403, 2307
885, 19, 525, 653, 77, 0, 30.67%, 0, 0, 15, 4334.27, 4114167, 2307
890, 19, 532, 653, 77, 0, 30.67%, 0, 0, 15, 4338.90, 4136148, 2307
895, 19, 554, 654, 77, 0, 30.67%, 0, 0, 15, 4363.14, 4158067, 2307
900, 19, 595, 654, 72, 0, 30.67%, 0, 0, 15, 4204.61, 4179219, 2307
905, 19, 643, 658, 71, 0, 30.67%, 0, 0, 15, 4427.05, 4206459, 2307
910, 20, 0, 664, 73, 0, 30.67%, 0, 0, 15, 4292.12, 4227275, 2307
915, 20, 49, 664, 73, 0, 30.67%, 0, 0, 15, 4468.27, 4250786, 2307
920, 20, 93, 664, 72, 0, 30.67%, 0, 0, 15, 4334.99, 4272521, 2307
925, 20, 188, 664, 72, 0, 30.67%, 0, 0, 15, 4439.86, 4295173, 2307
931, 20, 285, 664, 72, 0, 30.67%, 0, 0, 15, 4561.50, 4318770, 2307
936, 20, 431, 664, 71, 0, 30.67%, 0, 0, 15, 4465.65, 4341802, 2307
934, 20, 431, 664, 71, 0, 30.67%, 0, 0, 15, 0.00, 4342515, 2307
939, 20, 518, 664, 70, 0, 30.67%, 0, 0, 15, 4267.16, 4364117, 2307
944, 20, 535, 664, 68, 0, 30.67%, 0, 0, 15, 4346.41, 4386372, 2307
950, 20, 554, 664, 68, 0, 30.67%, 0, 0, 15, 4443.38, 4408878, 2307
955, 20, 587, 665, 66, 0, 30.67%, 0, 0, 15, 4313.12, 4430315, 2307
960, 20, 615, 666, 64, 0, 30.67%, 0, 0, 15, 4339.60, 4452088, 2307
965, 20, 642, 672, 67, 0, 30.67%, 0, 0, 15, 3899.63, 4472113, 2307
970, 20, 644, 672, 66, 0, 30.67%, 0, 0, 15, 3531.04, 4495162, 2307
975, 20, 655, 675, 66, 0, 30.67%, 0, 0, 15, 3527.56, 4512785, 2307
980, 20, 668, 678, 66, 0, 30.67%, 0, 0, 15, 3308.19, 4530333, 2307
985, 20, 668, 679, 67, 0, 30.67%, 0, 0, 15, 2970.92, 4544796, 2307
990, 21, 8, 680, 66, 0, 30.67%, 0, 0, 15, 3922.97, 4565465, 2307
995, 21, 42, 680, 66, 0, 30.67%, 0, 0, 15, 4336.13, 4587790, 2307
1000, 21, 56, 680, 66, 0, 30.67%, 0, 0, 15, 4606.43, 4617449, 2307
1006, 21, 156, 683, 69, 0, 30.67%, 0, 0, 15, 4493.51, 4640450, 2307
1011, 21, 252, 683, 69, 0, 30.67%, 0, 0, 15, 4479.90, 4663562, 2307
1016, 21, 323, 683, 69, 0, 30.67%, 0, 0, 15, 4522.02, 4686934, 2307
1021, 21, 470, 684, 69, 0, 30.67%, 0, 0, 15, 4496.46, 4710242, 2307
1026, 21, 495, 684, 68, 0, 30.67%, 0, 0, 15, 4414.20, 4732351, 2307
1031, 21, 571, 685, 62, 0, 30.67%, 0, 0, 15, 4459.20, 4761035, 2307
1036, 21, 637, 687, 60, 0, 30.67%, 0, 0, 15, 4392.22, 4783617, 2307
1041, 21, 657, 692, 61, 0, 30.67%, 0, 0, 15, 4072.39, 4803901, 2307
1046, 21, 668, 693, 59, 0, 30.67%, 0, 0, 15, 3350.52, 4820981, 2307
1051, 21, 668, 693, 59, 0, 30.67%, 0, 0, 15, 3596.82, 4838217, 2307
1056, 21, 678, 693, 57, 0, 30.67%, 0, 0, 15, 3602.10, 4856944, 2307
1062, 21, 693, 696, 55, 0, 30.67%, 0, 0, 15, 3396.85, 4881009, 2307
1067, 22, 27, 699, 56, 0, 30.67%, 0, 0, 15, 4183.92, 4903507, 2307
1072, 22, 49, 699, 56, 0, 30.67%, 0, 0, 15, 4443.24, 4926179, 2307
1077, 22, 127, 699, 56, 0, 30.67%, 0, 0, 15, 4569.14, 4950088, 2307
1082, 22, 217, 699, 56, 0, 30.67%, 0, 0, 15, 4438.12, 4972846, 2307
1087, 22, 323, 699, 56, 0, 30.67%, 0, 0, 15, 4507.08, 4996173, 2307
1092, 22, 485, 699, 55, 0, 30.67%, 0, 0, 15, 4407.57, 5025696, 2307
1098, 22, 491, 699, 55, 0, 30.67%, 0, 0, 15, 4309.10, 5047342, 2307
1103, 22, 538, 699, 55, 0, 30.67%, 0, 0, 15, 4305.70, 5068974, 2307
1108, 22, 621, 700, 54, 0, 30.67%, 0, 0, 15, 4172.52, 5089644, 2307
1113, 22, 664, 701, 51, 0, 30.67%, 0, 0, 15, 4042.78, 5110859, 2307
1118, 22, 691, 701, 46, 0, 30.67%, 0, 0, 15, 4146.68, 5132059, 2307
1123, 22, 700, 707, 49, 0, 30.67%, 0, 0, 15, 2975.70, 5152211, 2307
1128, 22, 700, 708, 50, 0, 30.67%, 0, 0, 15, 3098.56, 5167927, 2307
1133, 23, 28, 711, 51, 0, 30.67%, 0, 0, 15, 3747.14, 5186644, 2307
1138, 23, 49, 712, 52, 0, 30.67%, 0, 0, 15, 4178.01, 5208908, 2307
1143, 23, 131, 712, 52, 0, 30.67%, 0, 0, 15, 4474.79, 5232190, 2307
1146, 23, 169, 712, 52, 0, 30.67%, 0, 0, 15, 4500.18, 5242273, 2307
