# relative_time, cycles_done, cur_item, corpus_count, pending_total, pending_favs, map_size, saved_crashes, saved_hangs, max_depth, execs_per_sec, total_execs, edges_found
64, 0, 44, 222, 199, 54, 27.65%, 0, 0, 4, 3941.97, 277714, 2080
69, 0, 29, 222, 195, 50, 27.65%, 0, 0, 4, 3994.98, 297693, 2080
74, 0, 110, 223, 192, 47, 27.68%, 0, 0, 4, 3960.23, 317609, 2082
79, 0, 96, 241, 209, 46, 28.11%, 0, 0, 4, 3711.67, 336605, 2115
84, 0, 165, 242, 208, 45, 28.13%, 0, 0, 4, 3601.18, 358896, 2116
89, 0, 224, 244, 206, 42, 28.14%, 0, 0, 4, 3916.37, 379003, 2117
94, 0, 49, 247, 204, 37, 28.14%, 0, 0, 4, 3972.14, 399986, 2117
99, 0, 92, 261, 217, 36, 28.14%, 0, 0, 4, 4058.37, 420612, 2117
104, 0, 92, 261, 217, 36, 28.14%, 0, 0, 4, 3937.52, 440709, 2117
109, 0, 202, 279, 233, 34, 29.03%, 0, 0, 4, 4431.60, 463110, 2184
114, 0, 202, 281, 235, 34, 29.04%, 0, 0, 4, 4360.39, 492400, 2185
120, 0, 104, 282, 234, 44, 29.04%, 0, 0, 4, 4032.37, 512250, 2185
125, 0, 183, 285, 234, 41, 29.04%, 0, 0, 4, 3953.54, 532001, 2185
130, 0, 222, 285, 230, 37, 29.04%, 0, 0, 4, 3920.59, 551621, 2185
135, 0, 271, 298, 241, 35, 29.08%, 0, 0, 4, 4205.00, 572222, 2188
140, 0, 271, 303, 246, 35, 29.10%, 0, 0, 4, 5019.21, 598470, 2189
145, 0, 271, 303, 246, 35, 29.10%, 0, 0, 4, 3810.56, 624302, 2189
150, 0, 241, 305, 247, 36, 29.10%, 0, 0, 4, 3955.98, 644032, 2189
155, 0, 90, 306, 246, 34, 29.10%, 0, 0, 4, 3935.56, 663751, 2189
160, 0, 243, 307, 244, 31, 29.10%, 0, 0, 4, 4017.82, 684321, 2189
165, 0, 47, 308, 242, 28, 29.10%, 0, 0, 4, 4021.07, 704430, 2189
170, 0, 297, 312, 245, 27, 29.60%, 0, 0, 5, 4717.70, 727525, 2227
175, 0, 297, 312, 245, 27, 29.60%, 0, 0, 5, 3855.77, 752747, 2227
180, 0, 308, 324, 254, 25, 30.41%, 0, 0, 6, 4722.11, 776632, 2288
185, 0, 308, 326, 256, 25, 30.41%, 0, 0, 6, 4489.76, 800149, 2288
190, 0, 308, 326, 256, 25, 30.41%, 0, 0, 6, 3965.74, 819629, 2288
195, 0, 316, 335, 264, 27, 30.41%, 0, 0, 7, 4291.53, 841107, 2288
200, 0, 316, 343, 272, 27, 30.41%, 0, 0, 7, 4960.26, 866880, 2288
205, 0, 316, 343, 272, 27, 30.41%, 0, 0, 7, 3792.31, 892565, 2288
211, 0, 105, 343, 271, 28, 30.41%, 0, 0, 7, 3892.71, 911962, 2288
216, 0, 54, 345, 271, 26, 30.41%, 0, 0, 7, 3984.35, 932430, 2288
221, 0, 109, 348, 271, 23, 30.41%, 0, 0, 7, 3997.88, 953246, 2288
226, 0, 313, 349, 270, 21, 30.41%, 0, 0, 7, 4056.04, 973675, 2288
231, 0, 51, 351, 270, 20, 30.43%, 0, 0, 7, 3888.48, 993002, 2289
236, 0, 320, 351, 266, 16, 30.43%, 0, 0, 7, 4027.55, 1013449, 2289
234, 0, 320, 352, 267, 16, 30.43%, 0, 0, 7, 0.00, 1014024, 2289
239, 0, 18, 352, 265, 14, 30.43%, 0, 0, 7, 4234.58, 1034418, 2289
245, 0, 26, 352, 263, 12, 30.43%, 0, 0, 7, 3983.48, 1054132, 2289
250, 0, 177, 352, 260, 9, 30.43%, 0, 0, 7, 3729.10, 1071886, 2289
255, 0, 330, 353, 259, 7, 30.43%, 0, 0, 8, 3831.00, 1092207, 2289
260, 0, 298, 353, 256, 4, 30.43%, 0, 0, 8, 4016.83, 1113155, 2289
265, 0, 195, 353, 253, 1, 30.43%, 0, 0, 8, 4039.93, 1133544, 2289
270, 0, 166, 355, 254, 1, 30.43%, 0, 0, 8, 3949.04, 1159378, 2289
275, 0, 272, 355, 254, 1, 30.43%, 0, 0, 8, 3996.92, 1179145, 2289
280, 0, 271, 356, 254, 1, 30.43%, 0, 0, 8, 4004.69, 1199771, 2289
285, 0, 44, 357, 255, 1, 30.43%, 0, 0, 8, 4016.96, 1220197, 2289
290, 0, 83, 360, 258, 2, 30.43%, 0, 0, 8, 3938.82, 1239843, 2289
295, 0, 297, 362, 259, 1, 30.43%, 0, 0, 8, 3429.46, 1256080, 2289
300, 0, 355, 366, 263, 1, 30.43%, 0, 0, 8, 4017.30, 1283048, 2289
306, 0, 157, 367, 263, 0, 30.43%, 0, 0, 8, 3912.62, 1303013, 2289
311, 0, 171, 368, 264, 0, 30.43%, 0, 0, 8, 3885.60, 1322190, 2289
316, 0, 110, 369, 264, 0, 30.45%, 0, 0, 8, 3859.42, 1341413, 2291
321, 0, 313, 369, 264, 0, 30.45%, 0, 0, 8, 3669.77, 1359599, 2291
326, 0, 313, 369, 264, 0, 30.45%, 0, 0, 8, 3592.94, 1377601, 2291
331, 0, 1, 369, 264, 0, 30.45%, 0, 0, 8, 3529.50, 1400854, 2291
336, 0, 64, 370, 265, 0, 30.45%, 0, 0, 8, 3607.21, 1418792, 2291
341, 0, 358, 370, 265, 0, 30.45%, 0, 0, 8, 3691.88, 1438122, 2291
346, 0, 321, 370, 265, 0, 30.45%, 0, 0, 8, 3670.21, 1457083, 2291
351, 0, 358, 370, 265, 0, 30.45%, 0, 0, 8, 3754.98, 1475943, 2291
356, 0, 167, 370, 265, 0, 30.45%, 0, 0, 8, 3904.59, 1496577, 2291
361, 0, 1, 370, 265, 0, 30.45%, 0, 0, 8, 4047.91, 1523221, 2291
366, 0, 1, 370, 265, 0, 30.45%, 0, 0, 8, 3947.31, 1542827, 2291
371, 0, 321, 370, 265, 0, 30.45%, 0, 0, 8, 4067.56, 1563179, 2291
377, 0, 64, 370, 265, 0, 30.45%, 0, 0, 8, 4013.80, 1583100, 2291
382, 0, 105, 370, 265, 0, 30.45%, 0, 0, 8, 3832.12, 1602461, 2291
387, 0, 181, 370, 265, 0, 30.45%, 0, 0, 8, 3915.44, 1621994, 2291
392, 0, 358, 371, 266, 0, 30.45%, 0, 0, 8, 4049.45, 1647356, 2291
397, 0, 83, 372, 267, 0, 30.45%, 0, 0, 8, 4070.55, 1668449, 2291
402, 0, 321, 373, 268, 0, 30.45%, 0, 0, 8, 4041.12, 1689489, 2291
407, 0, 181, 373, 268, 0, 30.45%, 0, 0, 8, 4052.01, 1709860, 2291
412, 0, 358, 373, 268, 0, 30.45%, 0, 0, 8, 4076.24, 1730176, 2291
417, 0, 272, 373, 268, 0, 30.45%, 0, 0, 8, 3956.05, 1749947, 2291
422, 0, 313, 374, 269, 0, 30.45%, 0, 0, 8, 3842.29, 1777324, 2291
427, 0, 313, 374, 269, 0, 30.45%, 0, 0, 8, 3937.31, 1797998, 2291
433, 0, 238, 374, 269, 0, 30.45%, 0, 0, 8, 4048.73, 1819125, 2291
438, 0, 241, 374, 269, 0, 30.45%, 0, 0, 8, 3910.59, 1839470, 2291
443, 0, 241, 375, 270, 0, 30.45%, 0, 0, 8, 3913.89, 1859082, 2291
448, 0, 241, 379, 274, 0, 30.45%, 0, 0, 8, 3972.16, 1878871, 2291
453, 0, 241, 379, 274, 0, 30.45%, 0, 0, 8, 3860.96, 1903556, 2291
458, 0, 273, 380, 275, 0, 30.45%, 0, 0, 8, 3938.05, 1923909, 2291
463, 0, 358, 380, 275, 0, 30.45%, 0, 0, 8, 3957.09, 1943498, 2291
468, 0, 181, 381, 276, 0, 30.45%, 0, 0, 8, 3929.71, 1963921, 2291
473, 0, 243, 381, 276, 0, 30.45%, 0, 0, 8, 4060.61, 1984460, 2291
478, 0, 263, 382, 277, 0, 30.45%, 0, 0, 8, 3992.72, 2004448, 2291
483, 0, 1, 382, 277, 0, 30.45%, 0, 0, 8, 4008.98, 2025002, 2291
482, 0, 1, 382, 277, 0, 30.45%, 0, 0, 8, 0.00, 2025683, 2291
487, 0, 243, 382, 277, 0, 30.45%, 0, 0, 8, 3912.44, 2046264, 2291
493, 0, 267, 382, 277, 0, 30.45%, 0, 0, 8, 3990.21, 2066986, 2291
498, 0, 77, 383, 278, 0, 30.45%, 0, 0, 8, 3972.74, 2086854, 2291
503, 0, 1, 383, 278, 0, 30.45%, 0, 0, 8, 3976.79, 2106937, 2291
508, 0, 84, 383, 278, 0, 30.45%, 0, 0, 8, 3741.20, 2126047, 2291
513, 0, 263, 383, 278, 0, 30.45%, 0, 0, 8, 3876.24, 2145280, 2291
518, 0, 125, 385, 280, 0, 30.45%, 0, 0, 8, 4029.43, 2172000, 2291
523, 0, 181, 385, 280, 0, 30.45%, 0, 0, 8, 3994.16, 2192584, 2291
528, 0, 181, 385, 280, 0, 30.45%, 0, 0, 8, 4025.37, 2213546, 2291
533, 0, 84, 387, 282, 0, 30.45%, 0, 0, 8, 3997.60, 2233577, 2291
538, 0, 83, 387, 282, 0, 30.45%, 0, 0, 8, 4005.20, 2253916, 2291
543, 0, 181, 387, 282, 0, 30.45%, 0, 0, 8, 4007.54, 2273974, 2291
548, 0, 100, 390, 285, 0, 30.45%, 0, 0, 8, 3830.41, 2300354, 2291
553, 0, 166, 390, 285, 0, 30.45%, 0, 0, 8, 4007.32, 2320716, 2291
559, 0, 44, 390, 285, 0, 30.45%, 0, 0, 8, 4112.96, 2342050, 2291
564, 0, 44, 391, 286, 0, 30.45%, 0, 0, 8, 3986.20, 2361876, 2291
569, 0, 320, 391, 286, 0, 30.45%, 0, 0, 8, 4065.47, 2382670, 2291
574, 0, 320, 391, 286, 0, 30.45%, 0, 0, 8, 3974.89, 2402525, 2291
579, 0, 358, 391, 286, 0, 30.45%, 0, 0, 8, 4229.41, 2428953, 2291
584, 0, 1, 391, 286, 0, 30.45%, 0, 0, 8, 4118.77, 2449636, 2291
589, 0, 178, 392, 287, 0, 30.45%, 0, 0, 8, 3994.76, 2469403, 2291
594, 0, 177, 392, 287, 0, 30.45%, 0, 0, 8, 3975.47, 2489179, 2291
599, 0, 182, 393, 288, 1, 30.45%, 0, 0, 8, 3779.05, 2508241, 2291
604, 0, 180, 394, 288, 1, 30.45%, 0, 0, 8, 3983.02, 2528859, 2291
609, 0, 392, 399, 293, 1, 30.45%, 0, 0, 8, 4795.43, 2557708, 2291
614, 0, 392, 399, 293, 1, 30.45%, 0, 0, 8, 3935.44, 2577967, 2291
619, 0, 392, 399, 293, 1, 30.45%, 0, 0, 8, 3340.93, 2594065, 2291
624, 0, 392, 399, 293, 1, 30.45%, 0, 0, 8, 3610.54, 2612329, 2291
629, 0, 397, 399, 292, 1, 30.45%, 0, 0, 8, 3812.09, 2631754, 2291
635, 0, 297, 399, 291, 0, 30.45%, 0, 0, 8, 4035.40, 2652192, 2291
640, 0, 165, 399, 291, 0, 30.45%, 0, 0, 8, 4048.55, 2678616, 2291
645, 0, 157, 399, 291, 0, 30.45%, 0, 0, 8, 4066.63, 2699515, 2291
650, 0, 1, 399, 291, 0, 30.45%, 0, 0, 8, 4038.57, 2720045, 2291
655, 0, 263, 399, 291, 0, 30.45%, 0, 0, 8, 4032.24, 2740284, 2291
660, 0, 320, 400, 292, 0, 30.45%, 0, 0, 8, 4037.41, 2761274, 2291
665, 0, 178, 400, 292, 0, 30.45%, 0, 0, 8, 3950.02, 2780974, 2291
670, 0, 358, 400, 292, 0, 30.45%, 0, 0, 8, 4075.33, 2807775, 2291
675, 0, 51, 400, 292, 0, 30.45%, 0, 0, 8, 4026.93, 2827880, 2291
680, 0, 181, 401, 293, 0, 30.45%, 0, 0, 8, 4023.14, 2848039, 2291
685, 0, 51, 401, 293, 0, 30.45%, 0, 0, 8, 4027.13, 2868288, 2291
690, 0, 76, 401, 293, 0, 30.45%, 0, 0, 8, 4003.81, 2888300, 2291
695, 0, 1, 401, 293, 0, 30.45%, 0, 0, 8, 4014.81, 2908705, 2291
701, 0, 271, 402, 294, 0, 30.45%, 0, 0, 8, 3953.38, 2935186, 2291
706, 0, 320, 402, 294, 0, 30.45%, 0, 0, 8, 3988.38, 2956025, 2291
711, 0, 272, 402, 294, 0, 30.45%, 0, 0, 8, 3969.33, 2976076, 2291
716, 0, 321, 403, 295, 0, 30.45%, 0, 0, 8, 4093.93, 2997280, 2291
721, 0, 1, 403, 295, 1, 30.45%, 0, 0, 8, 4056.55, 3017503, 2291
726, 0, 315, 403, 295, 1, 30.45%, 0, 0, 8, 4077.42, 3037789, 2291
731, 0, 402, 403, 294, 1, 30.45%, 0, 0, 8, 3943.96, 3064172, 2291
736, 0, 293, 403, 293, 0, 30.45%, 0, 0, 8, 4062.70, 3084468, 2291
741, 0, 51, 403, 293, 0, 30.45%, 0, 0, 8, 4144.00, 3105849, 2291
746, 0, 125, 403, 293, 0, 30.45%, 0, 0, 8, 4058.57, 3125773, 2291
752, 1, 183, 403, 293, 0, 30.45%, 0, 0, 8, 4079.31, 3147244, 2291
757, 1, 156, 405, 293, 0, 30.45%, 0, 0, 8, 4106.24, 3168526, 2291
762, 1, 243, 405, 293, 0, 30.45%, 0, 0, 8, 4068.47, 3194984, 2291
767, 1, 83, 406, 294, 0, 30.45%, 0, 0, 8, 3980.85, 3214945, 2291
772, 1, 271, 406, 294, 0, 30.45%, 0, 0, 8, 3995.93, 3235094, 2291
777, 1, 44, 406, 294, 0, 30.45%, 0, 0, 8, 4076.09, 3255373, 2291
782, 1, 44, 406, 294, 0, 30.45%, 0, 0, 8, 3973.12, 3275038, 2291
787, 1, 267, 406, 294, 0, 30.45%, 0, 0, 8, 4065.74, 3296235, 2291
792, 1, 271, 407, 295, 0, 30.45%, 0, 0, 8, 4017.56, 3316533, 2291
791, 1, 271, 407, 295, 0, 30.45%, 0, 0, 8, 0.00, 3318495, 2291
796, 1, 158, 407, 295, 0, 30.45%, 0, 0, 8, 4129.99, 3339664, 2291
802, 1, 181, 408, 296, 0, 30.45%, 0, 0, 8, 4071.83, 3360604, 2291
807, 1, 157, 408, 296, 0, 30.45%, 0, 0, 8, 3945.14, 3381103, 2291
812, 1, 1, 409, 297, 0, 30.45%, 0, 0, 8, 3928.89, 3401117, 2291
817, 1, 79, 409, 297, 0, 30.45%, 0, 0, 8, 4039.24, 3421184, 2291
822, 1, 79, 409, 297, 0, 30.45%, 0, 0, 8, 3924.13, 3440823, 2291
827, 1, 110, 410, 298, 0, 30.45%, 0, 0, 8, 3972.32, 3467054, 2291
832, 1, 195, 411, 299, 0, 30.45%, 0, 0, 8, 4000.78, 3487874, 2291
837, 1, 267, 411, 298, 0, 30.45%, 0, 0, 8, 3983.55, 3507925, 2291
842, 1, 1, 411, 298, 0, 30.45%, 0, 0, 8, 4090.41, 3529438, 2291
848, 1, 64, 411, 298, 0, 30.45%, 0, 0, 8, 3560.77, 3547759, 2291
853, 1, 241, 411, 298, 0, 30.45%, 0, 0, 8, 3986.15, 3568991, 2291
858, 1, 241, 412, 299, 0, 30.45%, 0, 0, 8, 3692.69, 3593250, 2291
863, 1, 166, 412, 299, 0, 30.45%, 0, 0, 8, 3905.25, 3613446, 2291
868, 1, 267, 412, 298, 0, 30.45%, 0, 0, 8, 4005.21, 3634378, 2291
873, 1, 181, 412, 298, 0, 30.45%, 0, 0, 8, 4007.79, 3654460, 2291
878, 1, 181, 412, 298, 0, 30.45%, 0, 0, 8, 3994.69, 3674707, 2291
883, 1, 165, 412, 297, 0, 30.45%, 0, 0, 8, 3965.61, 3694533, 2291
888, 1, 158, 413, 298, 0, 30.45%, 0, 0, 8, 3913.85, 3720644, 2291
893, 1, 181, 413, 298, 0, 30.45%, 0, 0, 8, 3994.89, 3740705, 2291
898, 1, 358, 415, 300, 0, 30.45%, 0, 0, 8, 3888.11, 3760808, 2291
904, 1, 267, 415, 299, 0, 30.45%, 0, 0, 8, 4023.98, 3781903, 2291
909, 1, 358, 416, 299, 0, 30.45%, 0, 0, 8, 3957.03, 3801941, 2291
914, 1, 76, 416, 298, 0, 30.45%, 0, 0, 8, 4040.53, 3822166, 2291
919, 1, 168, 416, 298, 0, 30.45%, 0, 0, 8, 3911.84, 3848578, 2291
924, 1, 402, 416, 297, 0, 30.45%, 0, 0, 8, 3987.70, 3868733, 2291
929, 1, 1, 417, 298, 0, 30.45%, 0, 0, 8, 4125.80, 3889552, 2291
934, 1, 136, 417, 298, 0, 30.45%, 0, 0, 8, 3965.73, 3909312, 2291
939, 1, 320, 417, 298, 0, 30.45%, 0, 0, 8, 4077.34, 3930725, 2291
944, 1, 278, 417, 297, 0, 30.45%, 0, 0, 8, 4035.44, 3950775, 2291
949, 1, 165, 420, 299, 1, 30.56%, 0, 0, 8, 4414.34, 3978025, 2299
955, 1, 104, 421, 300, 1, 30.56%, 0, 0, 8, 4121.25, 3999117, 2299
960, 1, 419, 422, 301, 1, 30.56%, 0, 0, 8, 4044.27, 4020078, 2299
965, 1, 320, 422, 299, 0, 30.56%, 0, 0, 8, 4006.49, 4041056, 2299
970, 1, 238, 423, 300, 0, 30.56%, 0, 0, 8, 4058.15, 4062090, 2299
975, 1, 243, 424, 301, 0, 30.56%, 0, 0, 8, 4095.67, 4083625, 2299
980, 1, 183, 424, 299, 0, 30.56%, 0, 0, 8, 3965.85, 4109785, 2299
985, 1, 96, 425, 300, 0, 30.56%, 0, 0, 8, 4093.84, 4130509, 2299
991, 1, 351, 428, 303, 0, 30.56%, 0, 0, 8, 4131.67, 4152862, 2299
996, 1, 263, 428, 301, 0, 30.56%, 0, 0, 8, 4031.82, 4172982, 2299
1001, 1, 143, 429, 302, 0, 30.56%, 0, 0, 8, 4074.98, 4193510, 2299
1006, 1, 326, 430, 303, 0, 30.56%, 0, 0, 8, 4067.36, 4214037, 2299
1011, 1, 358, 432, 304, 0, 30.56%, 0, 0, 8, 3891.72, 4239755, 2299
1016, 1, 402, 432, 303, 0, 30.56%, 0, 0, 8, 3998.07, 4260411, 2299
1021, 1, 181, 432, 303, 0, 30.56%, 0, 0, 8, 4071.58, 4281334, 2299
1026, 1, 166, 432, 303, 0, 30.56%, 0, 0, 8, 4003.52, 4302153, 2299
1031, 1, 166, 434, 305, 0, 30.56%, 0, 0, 8, 4013.09, 4322102, 2299
1036, 1, 44, 434, 305, 0, 30.56%, 0, 0, 8, 4001.54, 4342256, 2299
1041, 1, 64, 434, 305, 0, 30.56%, 0, 0, 8, 4059.13, 4369034, 2299
1047, 1, 166, 434, 305, 0, 30.56%, 0, 0, 8, 4061.02, 4390303, 2299
1052, 1, 320, 434, 305, 0, 30.56%, 0, 0, 8, 4001.17, 4410197, 2299
1057, 1, 110, 434, 305, 0, 30.56%, 0, 0, 8, 4021.33, 4430949, 2299
1062, 1, 271, 435, 306, 0, 30.63%, 0, 0, 8, 4053.20, 4452122, 2304
1067, 1, 83, 436, 306, 1, 30.63%, 0, 0, 8, 3625.25, 4469741, 2304
1072, 1, 434, 438, 308, 1, 30.63%, 0, 0, 8, 4333.01, 4494391, 2304
1077, 1, 129, 438, 307, 0, 30.63%, 0, 0, 8, 4075.93, 4514285, 2304
1082, 1, 164, 439, 308, 0, 30.63%, 0, 0, 8, 4033.43, 4534799, 2304
1087, 1, 263, 439, 308, 0, 30.63%, 0, 0, 8, 4023.76, 4555000, 2304
1092, 1, 181, 439, 308, 0, 30.63%, 0, 0, 8, 4029.54, 4575361, 2304
1097, 1, 71, 441, 310, 0, 30.63%, 0, 0, 8, 3756.60, 4593979, 2304
1102, 1, 1, 441, 310, 0, 30.63%, 0, 0, 8, 3608.94, 4618439, 2304
1107, 1, 121, 442, 311, 0, 30.63%, 0, 0, 8, 3813.50, 4637435, 2304
1112, 1, 291, 442, 311, 0, 30.63%, 0, 0, 8, 4033.67, 4658315, 2304
1117, 1, 96, 442, 311, 0, 30.63%, 0, 0, 8, 3959.50, 4678868, 2304
1122, 1, 136, 442, 311, 0, 30.63%, 0, 0, 8, 4109.21, 4699540, 2304
1128, 1, 210, 442, 310, 0, 30.63%, 0, 0, 8, 4031.42, 4720664, 2304
1133, 1, 422, 443, 310, 0, 30.63%, 0, 0, 8, 4013.33, 4740779, 2304
1131, 1, 422, 443, 310, 0, 30.63%, 0, 0, 8, 0.00, 4741531, 2304
1136, 1, 1, 443, 309, 0, 30.63%, 0, 0, 8, 4111.77, 4762162, 2304
1142, 1, 130, 443, 309, 0, 30.63%, 0, 0, 8, 4072.30, 4783254, 2304
1146, 1, 158, 444, 310, 0, 30.63%, 0, 0, 8, 3892.94, 4800073, 2304
1207, 2, 24, 494, 368, 0, 30.63%, 0, 0, 2, 11142.62, 5543279, 2304
1212, 2, 332, 494, 366, 0, 30.63%, 0, 0, 2, 12057.45, 5617892, 2304
1217, 2, 266, 494, 364, 0, 30.63%, 0, 0, 2, 11243.87, 5674810, 2304
1222, 2, 318, 494, 362, 0, 30.63%, 0, 0, 2, 11977.32, 5738991, 2304
1227, 3, 174, 509, 373, 0, 30.64%, 0, 0, 2, 12567.57, 5803357, 2305
1233, 3, 176, 510, 372, 0, 30.64%, 0, 0, 2, 12914.23, 5870543, 2305
1238, 3, 153, 510, 371, 0, 30.64%, 0, 0, 2, 12774.30, 5935506, 2305
1243, 3, 285, 510, 369, 0, 30.64%, 0, 0, 2, 12719.77, 6001117, 2305
1242, 3, 347, 510, 369, 0, 30.64%, 0, 0, 2, 0.00, 6004670, 2305
1247, 3, 153, 511, 367, 0, 30.64%, 0, 0, 2, 12448.80, 6067668, 2305
1252, 3, 92, 513, 367, 0, 30.64%, 0, 0, 2, 12190.77, 6132242, 2305
1257, 3, 266, 513, 364, 0, 30.64%, 0, 0, 2, 12194.96, 6194162, 2305
1262, 3, 322, 513, 363, 0, 30.64%, 0, 0, 2, 11694.41, 6254898, 2305
1268, 3, 332, 513, 360, 0, 30.64%, 0, 0, 2, 12039.87, 6316594, 2305
1273, 3, 333, 513, 358, 0, 30.64%, 0, 0, 2, 11080.57, 6373508, 2305
1278, 3, 377, 513, 358, 0, 30.64%, 0, 0, 2, 11534.45, 6450257, 2305
1283, 3, 265, 513, 356, 0, 30.64%, 0, 0, 2, 12222.88, 6514606, 2305
1288, 3, 285, 513, 355, 0, 30.64%, 0, 0, 2, 12648.88, 6579665, 2305
1293, 3, 260, 513, 354, 0, 30.64%, 0, 0, 2, 12599.12, 6645176, 2305
1299, 3, 285, 514, 353, 0, 30.64%, 0, 0, 2, 12972.05, 6712234, 2305
1304, 3, 399, 514, 353, 0, 30.64%, 0, 0, 2, 12961.35, 6779215, 2305
1309, 3, 41, 517, 354, 0, 30.64%, 0, 0, 2, 12032.73, 6861972, 2305
1314, 3, 266, 517, 351, 0, 30.64%, 0, 0, 2, 11815.46, 6924090, 2305
1319, 4, 314, 525, 358, 0, 30.64%, 0, 0, 2, 11354.96, 6980792, 2305
1324, 4, 399, 526, 359, 0, 30.64%, 0, 0, 2, 11068.36, 7036429, 2305
1329, 4, 332, 526, 355, 0, 30.64%, 0, 0, 2, 10884.13, 7091226, 2305
1334, 4, 153, 527, 354, 0, 30.64%, 0, 0, 2, 10987.52, 7146670, 2305
1339, 4, 332, 528, 352, 0, 30.64%, 0, 0, 2, 11584.80, 7219641, 2305
1344, 4, 387, 530, 352, 0, 30.64%, 0, 0, 2, 10754.88, 7273975, 2305
1349, 4, 308, 533, 355, 0, 30.64%, 0, 0, 2, 8105.54, 7324599, 2305
1354, 4, 277, 533, 354, 0, 30.64%, 0, 0, 2, 9980.91, 7377176, 2305
1360, 4, 343, 533, 354, 0, 30.64%, 0, 0, 2, 10919.65, 7434086, 2305
1365, 4, 332, 534, 352, 0, 30.64%, 0, 0, 2, 10949.18, 7490209, 2305
1370, 4, 332, 534, 351, 0, 30.64%, 0, 0, 2, 11694.65, 7563732, 2305
1375, 4, 379, 535, 350, 0, 30.64%, 0, 0, 2, 11329.90, 7620391, 2305
1380, 4, 260, 535, 348, 0, 30.64%, 0, 0, 2, 11239.72, 7677004, 2305
1385, 4, 414, 535, 346, 0, 30.64%, 0, 0, 2, 10873.69, 7732680, 2305
1390, 4, 95, 535, 345, 0, 30.64%, 0, 0, 2, 11327.50, 7791077, 2305
1395, 4, 300, 535, 344, 0, 30.64%, 0, 0, 2, 10968.37, 7847636, 2305
1400, 4, 399, 535, 343, 0, 30.64%, 0, 0, 2, 11080.96, 7918626, 2305
1406, 4, 176, 535, 342, 0, 30.64%, 0, 0, 2, 8891.77, 7963479, 2305
1411, 4, 262, 536, 340, 0, 30.64%, 0, 0, 2, 10704.11, 8019450, 2305
1416, 4, 347, 537, 340, 0, 30.64%, 0, 0, 2, 10590.09, 8074780, 2305
1421, 4, 313, 543, 346, 0, 30.64%, 0, 0, 2, 11079.64, 8115072, 2305
1426, 5, 213, 553, 353, 0, 30.64%, 0, 0, 2, 10734.84, 8172547, 2305
1431, 5, 347, 554, 351, 0, 30.64%, 0, 0, 2, 11574.74, 8243505, 2305
1436, 5, 260, 554, 347, 0, 30.64%, 0, 0, 2, 11167.43, 8298491, 2305
1441, 5, 352, 555, 345, 0, 30.64%, 0, 0, 2, 10763.65, 8354706, 2305
1447, 5, 150, 555, 345, 0, 30.64%, 0, 0, 2, 11295.98, 8413197, 2305
1452, 5, 285, 555, 344, 0, 30.64%, 0, 0, 2, 11149.94, 8470077, 2305
1457, 5, 307, 555, 344, 0, 30.64%, 0, 0, 2, 10737.51, 8525203, 2305
1462, 5, 332, 555, 343, 0, 30.64%, 0, 0, 2, 11716.55, 8597496, 2305
1467, 5, 285, 555, 342, 0, 30.64%, 0, 0, 2, 11049.93, 8654655, 2305
1472, 5, 153, 555, 342, 0, 30.64%, 0, 0, 2, 11028.20, 8711533, 2305
1477, 5, 341, 555, 340, 0, 30.64%, 0, 0, 2, 10584.83, 8763513, 2305
1483, 5, 332, 555, 337, 0, 30.64%, 0, 0, 2, 10756.23, 8818793, 2305
1488, 5, 341, 555, 336, 0, 30.64%, 0, 0, 2, 10152.04, 8869828, 2305
1493, 5, 399, 555, 335, 0, 30.64%, 0, 0, 2, 10820.39, 8939067, 2305
1498, 5, 116, 555, 335, 0, 30.64%, 0, 0, 2, 10785.72, 8993493, 2305
1503, 5, 285, 555, 334, 0, 30.64%, 0, 0, 2, 10732.35, 9048293, 2305
1508, 5, 285, 555, 332, 0, 30.64%, 0, 0, 2, 11044.07, 9106430, 2305
1513, 5, 180, 555, 332, 0, 30.64%, 0, 0, 2, 11156.85, 9163592, 2305
1518, 5, 399, 556, 332, 0, 30.64%, 0, 0, 2, 10799.92, 9217598, 2305
1523, 5, 260, 556, 330, 0, 30.64%, 0, 0, 2, 10313.69, 9289679, 2305
1529, 5, 414, 556, 330, 0, 30.64%, 0, 0, 2, 11002.27, 9346679, 2305
1534, 6, 556, 563, 336, 1, 30.64%, 0, 0, 2, 10636.83, 9401818, 2305
1539, 6, 262, 565, 337, 0, 30.64%, 0, 0, 2, 10745.38, 9457867, 2305
1544, 6, 379, 565, 336, 0, 30.64%, 0, 0, 2, 10839.75, 9512503, 2305
1549, 6, 285, 565, 336, 0, 30.64%, 0, 0, 2, 10530.95, 9567504, 2305
1554, 6, 425, 565, 335, 0, 30.64%, 0, 0, 2, 10835.13, 9638345, 2305
1559, 6, 262, 565, 332, 0, 30.64%, 0, 0, 2, 10790.12, 9694198, 2305
1565, 6, 269, 565, 329, 0, 30.64%, 0, 0, 2, 11070.75, 9751205, 2305
1570, 6, 307, 567, 330, 0, 30.64%, 0, 0, 2, 10853.50, 9804218, 2305
1575, 6, 300, 567, 327, 0, 30.64%, 0, 0, 2, 10556.64, 9857084, 2305
1580, 6, 379, 567, 326, 0, 30.64%, 0, 0, 2, 11198.84, 9915886, 2305
1585, 6, 260, 567, 326, 0, 30.64%, 0, 0, 2, 11698.63, 9987772, 2305
1590, 6, 414, 567, 326, 0, 30.64%, 0, 0, 2, 11370.56, 10045663, 2305
1595, 6, 352, 567, 324, 0, 30.64%, 0, 0, 2, 10626.11, 10096648, 2305
1600, 6, 266, 567, 323, 0, 30.64%, 0, 0, 2, 10565.91, 10152094, 2305
1606, 6, 314, 567, 321, 0, 30.64%, 0, 0, 2, 9243.82, 10199334, 2305
1611, 6, 347, 567, 321, 0, 30.64%, 0, 0, 2, 9272.12, 10246189, 2305
1616, 6, 277, 567, 321, 0, 30.64%, 0, 0, 2, 9643.34, 10306039, 2305
1621, 6, 351, 567, 320, 0, 30.64%, 0, 0, 2, 10266.41, 10358871, 2305
1626, 6, 285, 567, 319, 0, 30.64%, 0, 0, 2, 11078.64, 10415455, 2305
1631, 6, 205, 569, 321, 0, 30.64%, 0, 0, 2, 10681.14, 10470040, 2305
1636, 6, 285, 569, 321, 0, 30.64%, 0, 0, 2, 9487.10, 10517373, 2305
1641, 6, 347, 569, 321, 0, 30.64%, 0, 0, 2, 9251.10, 10564787, 2305
1646, 6, 332, 569, 319, 0, 30.64%, 0, 0, 2, 8404.28, 10628439, 2305
1652, 6, 260, 569, 317, 0, 30.64%, 0, 0, 2, 9750.46, 10680189, 2305
1657, 6, 332, 571, 317, 0, 30.64%, 0, 0, 2, 10199.95, 10732034, 2305
1662, 6, 67, 571, 317, 0, 30.64%, 0, 0, 2, 10057.63, 10785147, 2305
1667, 6, 285, 571, 316, 0, 30.64%, 0, 0, 2, 8873.97, 10826971, 2305
1672, 7, 285, 578, 320, 0, 30.64%, 0, 0, 2, 9885.01, 10876843, 2305
1677, 7, 414, 578, 319, 0, 30.64%, 0, 0, 2, 12041.45, 10944999, 2305
1682, 7, 362, 578, 317, 0, 30.64%, 0, 0, 2, 10859.46, 10998028, 2305
1688, 7, 332, 578, 314, 0, 30.64%, 0, 0, 2, 10314.83, 11050172, 2305
1693, 7, 399, 578, 310, 0, 30.64%, 0, 0, 2, 9734.30, 11099525, 2305
1698, 7, 176, 578, 309, 0, 30.64%, 0, 0, 2, 10010.63, 11148853, 2305
1703, 7, 343, 578, 308, 0, 30.64%, 0, 0, 2, 9425.24, 11193142, 2305
1708, 7, 207, 578, 307, 0, 30.64%, 0, 0, 2, 9153.15, 11238489, 2305
1707, 7, 341, 578, 307, 0, 30.64%, 0, 0, 2, 0.00, 11240847, 2305
1712, 7, 205, 578, 307, 0, 30.64%, 0, 0, 2, 10118.51, 11291763, 2305
1717, 7, 200, 578, 306, 0, 30.64%, 0, 0, 2, 10963.06, 11350172, 2305
1722, 7, 253, 578, 306, 0, 30.64%, 0, 0, 2, 10924.44, 11405479, 2305
1727, 7, 285, 578, 305, 0, 30.64%, 0, 0, 2, 12602.22, 11471246, 2305
1732, 7, 285, 581, 307, 0, 30.64%, 0, 0, 2, 13009.37, 11536953, 2305
1737, 7, 379, 581, 305, 0, 30.64%, 0, 0, 2, 13215.88, 11605097, 2305
1743, 7, 153, 581, 303, 0, 30.64%, 0, 0, 2, 12788.21, 11688289, 2305
1748, 7, 278, 586, 307, 0, 30.64%, 0, 0, 2, 12403.15, 11751858, 2305
1753, 7, 278, 589, 309, 0, 30.64%, 0, 0, 2, 12478.49, 11817547, 2305
1758, 7, 266, 591, 308, 0, 30.64%, 0, 0, 2, 12507.86, 11881668, 2305
1763, 7, 266, 594, 311, 0, 30.64%, 0, 0, 2, 11738.56, 11940368, 2305
1768, 7, 200, 595, 311, 0, 30.64%, 0, 0, 2, 10770.15, 11990791, 2305
1773, 7, 320, 595, 309, 0, 30.64%, 0, 0, 2, 13089.41, 12073172, 2305
1778, 7, 79, 601, 314, 0, 30.64%, 0, 0, 2, 12572.15, 12134519, 2305
1783, 7, 176, 604, 316, 0, 30.64%, 0, 0, 2, 13012.37, 12202850, 2305
1789, 7, 332, 606, 317, 0, 30.64%, 0, 0, 2, 12890.15, 12267828, 2305
1794, 7, 394, 606, 317, 0, 30.64%, 0, 0, 2, 12542.44, 12332998, 2305
1799, 7, 79, 607, 317, 0, 30.64%, 0, 0, 2, 10192.84, 12385869, 2305
1804, 7, 260, 611, 320, 0, 30.64%, 0, 0, 2, 12287.44, 12466842, 2305
1809, 8, 318, 627, 332, 0, 31.24%, 0, 0, 2, 12122.22, 12530643, 2350
1814, 8, 414, 627, 331, 0, 31.24%, 0, 0, 2, 12095.04, 12591317, 2350
1819, 8, 276, 628, 331, 0, 31.24%, 0, 0, 2, 12788.29, 12658356, 2350
1824, 8, 92, 628, 329, 0, 31.24%, 0, 0, 2, 12380.52, 12719507, 2350
1829, 8, 145, 630, 329, 0, 31.24%, 0, 0, 2, 12879.11, 12784773, 2350
1834, 8, 283, 632, 328, 0, 31.24%, 0, 0, 2, 12595.57, 12870355, 2350
1840, 8, 347, 632, 325, 0, 31.24%, 0, 0, 2, 13062.45, 12938420, 2350
1845, 8, 260, 632, 324, 0, 31.24%, 0, 0, 2, 12577.21, 13003689, 2350
1850, 8, 352, 633, 324, 0, 31.24%, 0, 0, 2, 12390.55, 13064522, 2350
1855, 8, 317, 634, 322, 0, 31.24%, 0, 0, 2, 12869.04, 13129328, 2350
1860, 8, 307, 637, 325, 0, 31.24%, 0, 0, 2, 12427.77, 13191982, 2350
1865, 8, 92, 637, 324, 0, 31.24%, 0, 0, 2, 13665.21, 13276233, 2350
1870, 8, 313, 637, 323, 0, 31.24%, 0, 0, 2, 13123.32, 13342301, 2350
1875, 8, 332, 637, 323, 0, 31.24%, 0, 0, 2, 12620.67, 13406886, 2350
1880, 8, 318, 637, 320, 0, 31.24%, 0, 0, 2, 12971.83, 13469605, 2350
1885, 8, 515, 637, 320, 0, 31.24%, 0, 0, 2, 12089.11, 13529720, 2350
1891, 8, 332, 637, 317, 0, 31.24%, 0, 0, 2, 12723.56, 13583466, 2350
1896, 8, 353, 637, 316, 0, 31.24%, 0, 0, 2, 10862.15, 13665963, 2350
1901, 8, 314, 640, 318, 0, 31.24%, 0, 0, 2, 12797.03, 13731289, 2350
1906, 8, 202, 641, 319, 0, 31.24%, 0, 0, 2, 12984.23, 13797666, 2350
1911, 8, 262, 642, 319, 0, 31.24%, 0, 0, 2, 13410.25, 13866023, 2350
1916, 8, 598, 642, 314, 0, 31.24%, 0, 0, 2, 13154.70, 13933520, 2350
1921, 8, 352, 643, 313, 0, 31.24%, 0, 0, 2, 12956.67, 14000303, 2350
1926, 8, 205, 644, 312, 0, 31.24%, 0, 0, 2, 12853.87, 14081039, 2350
1932, 8, 269, 645, 312, 0, 31.24%, 0, 0, 2, 12825.22, 14147614, 2350
1937, 8, 260, 645, 310, 0, 31.24%, 0, 0, 2, 12748.92, 14212243, 2350
1942, 8, 166, 647, 309, 0, 31.24%, 0, 0, 2, 12168.46, 14275475, 2350
1947, 9, 285, 678, 338, 0, 31.24%, 0, 0, 2, 12666.78, 14342143, 2350
1952, 9, 336, 678, 338, 0, 31.24%, 0, 0, 2, 12615.13, 14407044, 2350
1957, 9, 332, 679, 336, 0, 31.24%, 0, 0, 2, 13251.99, 14492176, 2350
1963, 9, 176, 679, 336, 0, 31.24%, 0, 0, 2, 13070.54, 14556861, 2350
1968, 9, 176, 679, 336, 0, 31.24%, 0, 0, 2, 12792.57, 14623232, 2350
1973, 9, 286, 679, 336, 0, 31.24%, 0, 0, 2, 12539.52, 14685557, 2350
1978, 9, 260, 679, 335, 0, 31.24%, 0, 0, 2, 12597.93, 14749297, 2350
1983, 9, 379, 679, 335, 0, 31.24%, 0, 0, 2, 12529.41, 14815791, 2350
1988, 9, 285, 679, 335, 0, 31.24%, 0, 0, 2, 12854.80, 14899754, 2350
1993, 9, 347, 679, 332, 0, 31.24%, 0, 0, 2, 12815.08, 14964402, 2350
1998, 9, 177, 679, 330, 0, 31.24%, 0, 0, 2, 13101.63, 15029175, 2350
2003, 9, 176, 680, 331, 0, 31.24%, 0, 0, 2, 12648.55, 15091558, 2350
2008, 9, 666, 680, 331, 0, 31.24%, 0, 0, 2, 12903.79, 15156544, 2350
2013, 9, 200, 680, 330, 0, 31.24%, 0, 0, 2, 12812.85, 15222063, 2350
2019, 9, 260, 682, 332, 0, 31.24%, 0, 0, 2, 12079.50, 15303572, 2350
2024, 9, 200, 682, 331, 0, 31.24%, 0, 0, 2, 12620.09, 15367661, 2350
2029, 9, 372, 682, 331, 0, 31.24%, 0, 0, 2, 11710.86, 15428515, 2350
2034, 9, 174, 682, 330, 0, 31.24%, 0, 0, 2, 12785.06, 15495273, 2350
2039, 9, 260, 683, 331, 0, 31.24%, 0, 0, 2, 12011.25, 15558610, 2350
2044, 9, 389, 683, 330, 0, 31.24%, 0, 0, 2, 9940.38, 15605035, 2350
2049, 9, 347, 683, 330, 0, 31.24%, 0, 0, 2, 8988.02, 15663957, 2350
2054, 9, 347, 683, 328, 0, 31.24%, 0, 0, 2, 8656.70, 15708544, 2350
2059, 9, 339, 683, 327, 0, 31.24%, 0, 0, 2, 8890.22, 15753878, 2350
2064, 9, 260, 683, 327, 0, 31.24%, 0, 0, 2, 8801.64, 15799398, 2350
2070, 9, 389, 683, 327, 0, 31.24%, 0, 0, 2, 9105.51, 15845575, 2350
2075, 9, 266, 684, 328, 0, 31.24%, 0, 0, 2, 9230.23, 15891369, 2350
2080, 9, 379, 686, 330, 1, 31.38%, 0, 0, 2, 9823.03, 15953078, 2361
2085, 9, 347, 686, 329, 0, 31.38%, 0, 0, 2, 8852.25, 15996566, 2361
2090, 9, 263, 687, 329, 0, 31.38%, 0, 0, 2, 9158.41, 16043207, 2361
2095, 9, 176, 687, 328, 0, 31.38%, 0, 0, 2, 9285.79, 16092750, 2361
2100, 9, 379, 688, 329, 0, 31.38%, 0, 0, 2, 8856.84, 16136261, 2361
2105, 9, 285, 688, 328, 0, 31.38%, 0, 0, 2, 8998.81, 16183506, 2361
2111, 9, 352, 688, 328, 0, 31.38%, 0, 0, 2, 9846.90, 16244467, 2361
2116, 9, 286, 689, 329, 0, 31.38%, 0, 0, 2, 9513.85, 16292653, 2361
2121, 9, 285, 689, 326, 0, 31.38%, 0, 0, 2, 9686.66, 16343176, 2361
2126, 9, 399, 689, 326, 0, 31.38%, 0, 0, 2, 9380.60, 16389839, 2361
2131, 9, 279, 689, 325, 0, 31.38%, 0, 0, 2, 9126.98, 16435512, 2361
2136, 10, 266, 697, 333, 0, 31.38%, 0, 0, 2, 9369.99, 16483105, 2361
2141, 10, 285, 697, 333, 0, 31.38%, 0, 0, 2, 9606.35, 16542656, 2361
2146, 10, 336, 697, 332, 0, 31.38%, 0, 0, 2, 8893.80, 16586137, 2361
2151, 10, 79, 697, 330, 0, 31.38%, 0, 0, 2, 8469.57, 16631080, 2361
2156, 10, 285, 697, 329, 0, 31.38%, 0, 0, 2, 9065.51, 16677866, 2361
2162, 10, 116, 697, 328, 0, 31.38%, 0, 0, 2, 8924.82, 16723644, 2361
2167, 10, 332, 697, 328, 0, 31.38%, 0, 0, 2, 9007.19, 16769300, 2361
2172, 10, 153, 697, 328, 0, 31.38%, 0, 0, 2, 9383.78, 16818027, 2361
2170, 10, 153, 697, 328, 0, 31.38%, 0, 0, 2, 0.00, 16819011, 2361
2176, 10, 332, 697, 328, 0, 31.38%, 0, 0, 2, 9597.87, 16866303, 2361
2181, 10, 352, 697, 328, 0, 31.38%, 0, 0, 2, 9488.26, 16914564, 2361
2186, 10, 285, 697, 328, 0, 31.38%, 0, 0, 2, 9342.91, 16962288, 2361
2191, 10, 262, 697, 325, 0, 31.38%, 0, 0, 2, 8062.11, 17002719, 2361
2196, 10, 219, 697, 325, 0, 31.38%, 0, 0, 2, 7839.28, 17041845, 2361
2201, 10, 333, 698, 323, 0, 31.38%, 0, 0, 2, 8783.25, 17087818, 2361
2201, 10, 332, 698, 323, 0, 31.38%, 0, 0, 2, 0.00, 17100586, 2361
2206, 10, 285, 699, 321, 0, 31.38%, 0, 0, 2, 9663.56, 17149401, 2361
2211, 10, 285, 700, 319, 0, 31.38%, 0, 0, 2, 9529.25, 17196130, 2361
2217, 10, 278, 700, 318, 0, 31.38%, 0, 0, 2, 9609.34, 17243835, 2361
2222, 10, 347, 700, 317, 0, 31.38%, 0, 0, 2, 9460.85, 17289076, 2361
2227, 10, 332, 700, 316, 0, 31.38%, 0, 0, 2, 9368.54, 17338067, 2361
2232, 10, 116, 700, 316, 0, 31.38%, 0, 0, 2, 9153.24, 17383580, 2361
2237, 10, 332, 700, 315, 0, 31.38%, 0, 0, 2, 9787.68, 17448213, 2361
2242, 10, 262, 700, 315, 0, 31.38%, 0, 0, 2, 9110.40, 17494568, 2361
2247, 10, 285, 700, 315, 0, 31.38%, 0, 0, 2, 9626.40, 17544952, 2361
2252, 10, 352, 700, 315, 0, 31.38%, 0, 0, 2, 9464.22, 17592395, 2361
2257, 10, 351, 700, 314, 0, 31.38%, 0, 0, 2, 9758.54, 17641929, 2361
2262, 10, 200, 701, 315, 0, 31.38%, 0, 0, 2, 9290.96, 17686981, 2361
2268, 10, 389, 701, 315, 0, 31.38%, 0, 0, 2, 9191.79, 17748556, 2361
2273, 10, 320, 701, 315, 0, 31.38%, 0, 0, 2, 9572.73, 17798315, 2361
2278, 10, 347, 702, 316, 0, 31.38%, 0, 0, 2, 9585.19, 17847219, 2361
2283, 10, 176, 702, 316, 0, 31.38%, 0, 0, 2, 9111.20, 17892902, 2361
2288, 10, 379, 702, 314, 0, 31.38%, 0, 0, 2, 9561.83, 17942000, 2361
2293, 10, 354, 702, 313, 0, 31.38%, 0, 0, 2, 9189.54, 17987917, 2361
2298, 10, 399, 703, 313, 0, 31.38%, 0, 0, 2, 9360.18, 18048190, 2361
2303, 10, 347, 703, 312, 0, 31.38%, 0, 0, 2, 9136.61, 18093612, 2361
2308, 10, 260, 703, 312, 0, 31.38%, 0, 0, 2, 7601.81, 18129090, 2361
2313, 10, 285, 703, 311, 0, 31.38%, 0, 0, 2, 8472.18, 18173433, 2361
2318, 10, 322, 703, 311, 0, 31.38%, 0, 0, 2, 9386.03, 18221921, 2361
2324, 10, 307, 703, 311, 0, 31.38%, 0, 0, 2, 9590.47, 18272130, 2361
2329, 10, 365, 703, 310, 0, 31.38%, 0, 0, 2, 9133.05, 18330087, 2361
2334, 10, 266, 704, 310, 0, 31.38%, 0, 0, 2, 8848.82, 18373948, 2361
2339, 10, 332, 704, 308, 0, 31.38%, 0, 0, 2, 9598.43, 18423415, 2361
2344, 10, 332, 704, 306, 0, 31.38%, 0, 0, 2, 9085.99, 18469617, 2361
2349, 10, 122, 705, 307, 0, 31.38%, 0, 0, 2, 9223.94, 18516533, 2361
2354, 10, 347, 705, 307, 0, 31.38%, 0, 0, 2, 9369.44, 18564462, 2361
2359, 10, 332, 705, 307, 0, 31.38%, 0, 0, 2, 9930.53, 18625981, 2361
2364, 11, 322, 714, 316, 0, 31.38%, 0, 0, 2, 9386.39, 18674260, 2361
2369, 11, 332, 714, 316, 0, 31.38%, 0, 0, 2, 9628.23, 18723263, 2361
2374, 11, 262, 714, 314, 0, 31.38%, 0, 0, 2, 9230.30, 18766958, 2361
2380, 11, 266, 714, 314, 0, 31.38%, 0, 0, 2, 9527.31, 18816587, 2361
2385, 11, 285, 714, 314, 0, 31.38%, 0, 0, 2, 9509.15, 18864763, 2361
2390, 11, 399, 714, 313, 0, 31.38%, 0, 0, 2, 9295.71, 18926055, 2361
2395, 11, 146, 714, 312, 0, 31.38%, 0, 0, 2, 9745.77, 18977160, 2361
2400, 11, 260, 714, 311, 0, 31.38%, 0, 0, 2, 9221.35, 19024079, 2361
2405, 11, 200, 714, 311, 0, 31.38%, 0, 0, 2, 9166.34, 19069549, 2361
2410, 11, 379, 715, 311, 0, 31.38%, 0, 0, 2, 8460.27, 19111180, 2361
2415, 11, 122, 715, 311, 0, 31.38%, 0, 0, 2, 9283.52, 19158537, 2361
2420, 11, 278, 716, 312, 0, 31.38%, 0, 0, 2, 7477.67, 19218854, 2361
2425, 11, 279, 716, 312, 0, 31.38%, 0, 0, 2, 9120.61, 19268082, 2361
2431, 11, 176, 716, 311, 0, 31.38%, 0, 0, 2, 9362.90, 19315421, 2361
2436, 11, 262, 716, 311, 0, 31.38%, 0, 0, 2, 8813.50, 19360301, 2361
2441, 11, 314, 716, 309, 0, 31.38%, 0, 0, 2, 9393.50, 19407834, 2361
2446, 11, 263, 716, 309, 0, 31.38%, 0, 0, 2, 8485.29, 19449672, 2361
2451, 11, 85, 716, 308, 0, 31.38%, 0, 0, 2, 9839.06, 19510227, 2361
2456, 11, 365, 716, 308, 0, 31.38%, 0, 0, 2, 8972.02, 19555746, 2361
2461, 11, 116, 716, 308, 0, 31.38%, 0, 0, 2, 9308.76, 19603648, 2361
2466, 11, 352, 716, 308, 0, 31.38%, 0, 0, 2, 9502.47, 19650416, 2361
2471, 11, 332, 716, 308, 0, 31.38%, 0, 0, 2, 9470.86, 19697642, 2361
2477, 11, 285, 716, 308, 0, 31.38%, 0, 0, 2, 9403.02, 19746071, 2361
2482, 11, 333, 716, 306, 0, 31.38%, 0, 0, 2, 8378.73, 19796431, 2361
2487, 11, 116, 716, 305, 0, 31.38%, 0, 0, 2, 9192.50, 19845289, 2361
2492, 11, 414, 716, 305, 0, 31.38%, 0, 0, 2, 8916.16, 19889031, 2361
2497, 11, 379, 717, 306, 0, 31.38%, 0, 0, 2, 8957.54, 19934509, 2361
2502, 11, 347, 717, 305, 0, 31.38%, 0, 0, 2, 9336.51, 19980952, 2361
2507, 11, 385, 717, 304, 0, 31.38%, 0, 0, 2, 9124.95, 20027588, 2361
2512, 11, 285, 717, 302, 0, 31.38%, 0, 0, 2, 8684.00, 20082634, 2361
2517, 11, 622, 717, 302, 0, 31.38%, 0, 0, 2, 8807.87, 20128510, 2361
2522, 11, 285, 717, 301, 0, 31.38%, 0, 0, 2, 8558.15, 20172029, 2361
2527, 11, 333, 717, 300, 0, 31.38%, 0, 0, 2, 8866.95, 20217563, 2361
2533, 11, 505, 718, 301, 0, 31.38%, 0, 0, 2, 9173.83, 20264690, 2361
2538, 11, 200, 718, 300, 0, 31.38%, 0, 0, 2, 9195.77, 20312926, 2361
2543, 11, 279, 718, 299, 0, 31.38%, 0, 0, 2, 9747.99, 20372653, 2361
2548, 11, 332, 718, 298, 0, 31.38%, 0, 0, 2, 9524.06, 20421073, 2361
2553, 11, 364, 718, 298, 0, 31.38%, 0, 0, 2, 9279.94, 20466022, 2361
2558, 11, 287, 718, 297, 0, 31.38%, 0, 0, 2, 9551.51, 20516401, 2361
2564, 11, 166, 718, 296, 0, 31.38%, 0, 0, 2, 9353.74, 20565515, 2361
2569, 11, 176, 720, 296, 0, 31.38%, 0, 0, 3, 9420.94, 20614789, 2361
2574, 11, 339, 720, 295, 0, 31.38%, 0, 0, 3, 9643.95, 20678820, 2361
2579, 11, 278, 721, 296, 0, 31.38%, 0, 0, 3, 9273.80, 20725942, 2361
2584, 11, 176, 721, 294, 0, 31.38%, 0, 0, 3, 8087.79, 20767222, 2361
2589, 11, 332, 721, 294, 0, 31.38%, 0, 0, 3, 9436.88, 20817387, 2361
2594, 11, 332, 721, 292, 0, 31.38%, 0, 0, 3, 9437.49, 20864042, 2361
2599, 11, 414, 721, 290, 0, 31.38%, 0, 0, 3, 9472.14, 20905416, 2361
2605, 12, 344, 727, 294, 0, 31.38%, 0, 0, 3, 9548.20, 20965569, 2361
2610, 12, 322, 727, 294, 0, 31.38%, 0, 0, 3, 9563.62, 21015161, 2361
2615, 12, 266, 727, 294, 0, 31.38%, 0, 0, 3, 9265.26, 21062436, 2361
2620, 12, 347, 727, 293, 0, 31.38%, 0, 0, 3, 9627.18, 21112261, 2361
2625, 12, 285, 727, 293, 0, 31.38%, 0, 0, 3, 9688.85, 21162254, 2361
2630, 12, 336, 727, 292, 0, 31.38%, 0, 0, 3, 9470.42, 21208518, 2361
2635, 12, 262, 727, 292, 0, 31.38%, 0, 0, 3, 9597.44, 21271113, 2361
2641, 12, 285, 727, 291, 0, 31.38%, 0, 0, 3, 9542.27, 21320529, 2361
2646, 12, 332, 727, 290, 0, 31.38%, 0, 0, 3, 9373.56, 21367683, 2361
2651, 12, 332, 727, 290, 0, 31.38%, 0, 0, 3, 9636.75, 21416287, 2361
2656, 12, 318, 727, 290, 0, 31.38%, 0, 0, 3, 9444.89, 21462247, 2361
2661, 12, 414, 727, 289, 0, 31.38%, 0, 0, 3, 8863.47, 21505623, 2361
2666, 12, 122, 727, 288, 0, 31.38%, 0, 0, 3, 7741.30, 21544576, 2361
2665, 12, 122, 727, 288, 0, 31.38%, 0, 0, 3, 0.00, 21547374, 2361
2670, 12, 313, 727, 288, 0, 31.38%, 0, 0, 3, 8951.28, 21592491, 2361
2675, 12, 263, 727, 288, 0, 31.38%, 0, 0, 3, 9135.17, 21638610, 2361
2680, 12, 414, 727, 286, 0, 31.38%, 0, 0, 3, 9515.68, 21687132, 2361
2685, 12, 332, 727, 286, 0, 31.38%, 0, 0, 3, 9720.92, 21737961, 2361
2690, 12, 318, 727, 285, 0, 31.38%, 0, 0, 3, 9632.30, 21786619, 2361
2695, 12, 347, 727, 285, 0, 31.38%, 0, 0, 3, 9167.63, 21832953, 2361
2701, 12, 269, 727, 285, 0, 31.38%, 0, 0, 3, 9556.86, 21892769, 2361
2706, 12, 322, 727, 284, 0, 31.38%, 0, 0, 3, 8274.92, 21935024, 2361
2711, 12, 723, 727, 283, 0, 31.38%, 0, 0, 3, 9120.42, 21982810, 2361
2716, 12, 285, 727, 281, 0, 31.38%, 0, 0, 3, 8635.78, 22024635, 2361
2721, 12, 322, 727, 281, 0, 31.38%, 0, 0, 3, 9059.03, 22070233, 2361
2726, 12, 253, 727, 281, 0, 31.38%, 0, 0, 3, 9050.17, 22114860, 2361
2731, 12, 200, 727, 281, 0, 31.38%, 0, 0, 3, 9564.57, 22173657, 2361
2736, 12, 320, 728, 281, 0, 31.38%, 0, 0, 3, 9287.17, 22220224, 2361
2741, 12, 275, 728, 281, 0, 31.38%, 0, 0, 3, 9090.50, 22265366, 2361
2746, 12, 122, 728, 281, 0, 31.38%, 0, 0, 3, 9321.53, 22311384, 2361
2751, 12, 176, 728, 281, 0, 31.38%, 0, 0, 3, 8611.39, 22355117, 2361
2756, 12, 122, 728, 280, 0, 31.38%, 0, 0, 3, 9418.62, 22403826, 2361
2761, 12, 322, 728, 279, 0, 31.38%, 0, 0, 3, 9805.80, 22467657, 2361
2766, 12, 399, 728, 279, 0, 31.38%, 0, 0, 3, 8970.67, 22511114, 2361
2771, 12, 332, 728, 277, 0, 31.38%, 0, 0, 3, 8960.93, 22555920, 2361
2777, 12, 399, 728, 277, 0, 31.38%, 0, 0, 3, 8345.25, 22598497, 2361
2782, 12, 165, 728, 276, 0, 31.38%, 0, 0, 3, 9451.65, 22648747, 2361
2787, 12, 622, 728, 275, 0, 31.38%, 0, 0, 3, 9170.63, 22695757, 2361
2792, 12, 200, 728, 274, 0, 31.38%, 0, 0, 3, 7572.98, 22752090, 2361
2797, 12, 269, 728, 274, 0, 31.38%, 0, 0, 3, 9153.89, 22800676, 2361
2802, 12, 260, 728, 274, 0, 31.38%, 0, 0, 3, 8877.19, 22846147, 2361
2808, 12, 205, 728, 273, 0, 31.38%, 0, 0, 3, 8612.03, 22889477, 2361
2813, 12, 347, 728, 272, 0, 31.38%, 0, 0, 3, 8632.97, 22933709, 2361
2818, 12, 150, 728, 271, 0, 31.38%, 0, 0, 3, 8809.29, 22980122, 2361
2823, 12, 150, 730, 272, 0, 31.38%, 0, 0, 3, 9123.68, 23034230, 2361
2828, 12, 341, 730, 272, 0, 31.38%, 0, 0, 3, 8974.92, 23080093, 2361
2833, 12, 347, 730, 272, 0, 31.38%, 0, 0, 3, 9211.95, 23126149, 2361
2838, 12, 176, 730, 271, 0, 31.38%, 0, 0, 3, 9545.49, 23174767, 2361
2843, 13, 622, 733, 273, 0, 31.38%, 0, 0, 3, 6923.97, 23221229, 2361
2848, 13, 153, 733, 272, 0, 31.38%, 0, 0, 3, 8995.08, 23269763, 2361
2853, 13, 332, 733, 271, 0, 31.38%, 0, 0, 3, 9519.51, 23332182, 2361
2859, 13, 414, 733, 270, 0, 31.38%, 0, 0, 3, 9437.07, 23379961, 2361
2864, 13, 260, 733, 270, 0, 31.38%, 0, 0, 3, 8796.95, 23422081, 2361
2869, 13, 116, 733, 269, 0, 31.38%, 0, 0, 3, 9430.15, 23470747, 2361
2874, 13, 317, 733, 269, 0, 31.38%, 0, 0, 3, 9583.66, 23520244, 2361
2879, 13, 332, 733, 268, 0, 31.38%, 0, 0, 3, 9077.83, 23567771, 2361
2884, 13, 500, 734, 267, 0, 31.38%, 0, 0, 3, 9891.05, 23629330, 2361
2889, 13, 347, 734, 266, 0, 31.38%, 0, 0, 3, 9372.00, 23675986, 2361
2895, 13, 347, 734, 266, 0, 31.38%, 0, 0, 3, 9167.53, 23723362, 2361
2900, 13, 285, 734, 266, 0, 31.38%, 0, 0, 3, 9271.97, 23769564, 2361
2905, 13, 352, 734, 264, 0, 31.38%, 0, 0, 3, 9381.00, 23818502, 2361
2910, 13, 347, 734, 264, 0, 31.38%, 0, 0, 3, 9166.35, 23862684, 2361
2915, 13, 347, 734, 263, 0, 31.38%, 0, 0, 3, 9520.76, 23924034, 2361
2920, 13, 414, 734, 263, 0, 31.38%, 0, 0, 3, 9277.36, 23969566, 2361
2925, 13, 266, 734, 263, 0, 31.38%, 0, 0, 3, 9487.03, 24017247, 2361
2930, 13, 321, 734, 263, 0, 31.38%, 0, 0, 3, 9370.78, 24064182, 2361
2935, 13, 414, 734, 263, 0, 31.38%, 0, 0, 3, 9382.15, 24111589, 2361
2940, 13, 332, 734, 261, 0, 31.38%, 0, 0, 3, 6763.41, 24153846, 2361
2945, 13, 262, 734, 259, 0, 31.38%, 0, 0, 3, 8901.89, 24212190, 2361
2950, 13, 266, 734, 259, 0, 31.38%, 0, 0, 3, 9484.59, 24261042, 2361
2956, 13, 116, 734, 259, 0, 31.38%, 0, 0, 3, 9704.82, 24311282, 2361
2961, 13, 362, 734, 258, 0, 31.38%, 0, 0, 3, 8769.50, 24354762, 2361
2966, 13, 336, 734, 258, 0, 31.38%, 0, 0, 3, 9352.69, 24401427, 2361
2971, 13, 285, 734, 258, 0, 31.38%, 0, 0, 3, 9412.09, 24448875, 2361
2976, 13, 79, 734, 258, 0, 31.38%, 0, 0, 3, 9665.10, 24511347, 2361
2981, 13, 332, 734, 258, 0, 31.38%, 0, 0, 3, 8932.65, 24555578, 2361
2986, 13, 285, 734, 257, 0, 31.38%, 0, 0, 3, 8765.13, 24600619, 2361
2991, 13, 332, 734, 257, 0, 31.38%, 0, 0, 3, 9665.97, 24650251, 2361
2996, 13, 285, 734, 257, 0, 31.38%, 0, 0, 3, 9153.66, 24695302, 2361
3002, 13, 322, 734, 256, 0, 31.38%, 0, 0, 3, 9441.96, 24742370, 2361
3007, 13, 317, 734, 256, 0, 31.38%, 0, 0, 3, 9419.79, 24801798, 2361
3012, 13, 266, 734, 256, 0, 31.38%, 0, 0, 3, 9193.00, 24846703, 2361
3017, 13, 332, 735, 257, 0, 31.38%, 0, 0, 3, 8586.79, 24890910, 2361
3022, 13, 285, 735, 257, 0, 31.38%, 0, 0, 3, 9884.36, 24939536, 2361
3027, 13, 352, 735, 257, 0, 31.38%, 0, 0, 3, 9436.99, 24986926, 2361
3032, 13, 285, 735, 256, 0, 31.38%, 0, 0, 3, 9181.46, 25033657, 2361
3037, 13, 262, 735, 256, 0, 31.38%, 0, 0, 3, 8145.11, 25073059, 2361
3036, 13, 92, 735, 256, 0, 31.38%, 0, 0, 3, 0.00, 25077611, 2361
3041, 13, 622, 735, 256, 0, 31.38%, 0, 0, 3, 9367.90, 25123456, 2361
3046, 13, 562, 735, 256, 0, 31.38%, 0, 0, 3, 8836.03, 25168477, 2361
3051, 13, 266, 735, 256, 0, 31.38%, 0, 0, 3, 8771.66, 25212845, 2361
3056, 13, 352, 735, 256, 0, 31.38%, 0, 0, 3, 9164.92, 25258912, 2361
3061, 13, 285, 735, 255, 0, 31.38%, 0, 0, 3, 8981.72, 25305561, 2361
3067, 13, 399, 735, 253, 0, 31.38%, 0, 0, 3, 9442.75, 25354261, 2361
3072, 13, 262, 736, 254, 0, 31.38%, 0, 0, 3, 9357.13, 25414685, 2361
3077, 13, 354, 736, 254, 0, 31.38%, 0, 0, 3, 9125.53, 25461603, 2361
3082, 13, 399, 736, 254, 0, 31.38%, 0, 0, 3, 9334.46, 25510578, 2361
3087, 14, 285, 737, 253, 0, 31.38%, 0, 0, 3, 9347.95, 25556572, 2361
3092, 14, 24, 737, 252, 0, 31.38%, 0, 0, 3, 9320.13, 25605350, 2361
3098, 14, 260, 737, 252, 0, 31.38%, 0, 0, 3, 9010.67, 25650951, 2361
3103, 14, 347, 737, 252, 0, 31.38%, 0, 0, 3, 9553.10, 25711686, 2361
3108, 14, 359, 737, 252, 0, 31.38%, 0, 0, 3, 9399.54, 25759378, 2361
3113, 14, 285, 737, 251, 0, 31.38%, 0, 0, 3, 9234.56, 25806010, 2361
3118, 14, 332, 737, 251, 0, 31.38%, 0, 0, 3, 9419.09, 25852753, 2361
3123, 14, 79, 737, 251, 0, 31.38%, 0, 0, 3, 9146.81, 25899046, 2361
3128, 14, 285, 737, 247, 0, 31.38%, 0, 0, 3, 8925.29, 25944538, 2361
3133, 14, 116, 737, 247, 0, 31.38%, 0, 0, 3, 9382.17, 26006482, 2361
3138, 14, 180, 737, 247, 0, 31.38%, 0, 0, 3, 9536.54, 26054982, 2361
3143, 14, 260, 737, 247, 0, 31.38%, 0, 0, 3, 8533.71, 26097858, 2361
3148, 14, 176, 737, 247, 0, 31.38%, 0, 0, 3, 9176.30, 26145343, 2361
3154, 14, 285, 737, 247, 0, 31.38%, 0, 0, 3, 9103.47, 26191476, 2361
3159, 14, 266, 737, 247, 0, 31.38%, 0, 0, 3, 8969.31, 26237013, 2361
3164, 14, 332, 737, 246, 0, 31.38%, 0, 0, 3, 9620.24, 26299992, 2361
3169, 14, 286, 737, 246, 0, 31.38%, 0, 0, 3, 9537.01, 26347533, 2361
3174, 14, 300, 737, 246, 0, 31.38%, 0, 0, 3, 9429.63, 26394919, 2361
3179, 14, 332, 737, 245, 0, 31.38%, 0, 0, 3, 9086.03, 26439350, 2361
3184, 14, 260, 737, 245, 0, 31.38%, 0, 0, 3, 8786.57, 26483936, 2361
3189, 14, 352, 737, 245, 0, 31.38%, 0, 0, 3, 11295.23, 26540591, 2361
3194, 14, 322, 737, 245, 0, 31.38%, 0, 0, 3, 11665.25, 26618684, 2361
3199, 14, 279, 737, 245, 0, 31.38%, 0, 0, 3, 12513.42, 26682661, 2361
3204, 14, 285, 737, 243, 0, 31.38%, 0, 0, 3, 11394.06, 26740546, 2361
3209, 14, 153, 737, 243, 0, 31.38%, 0, 0, 3, 10239.22, 26791668, 2361
3215, 14, 92, 737, 243, 0, 31.38%, 0, 0, 3, 11695.93, 26854722, 2361
3220, 14, 332, 737, 243, 0, 31.38%, 0, 0, 3, 11253.49, 26911262, 2361
3225, 14, 332, 737, 243, 0, 31.38%, 0, 0, 3, 13321.18, 26989740, 2361
3230, 14, 347, 737, 242, 0, 31.38%, 0, 0, 3, 12516.10, 27050457, 2361
3235, 14, 332, 737, 242, 0, 31.38%, 0, 0, 3, 11663.93, 27108805, 2361
3240, 14, 362, 737, 241, 0, 31.38%, 0, 0, 3, 13022.32, 27174656, 2361
3245, 14, 317, 737, 241, 0, 31.38%, 0, 0, 3, 12842.72, 27239560, 2361
3250, 14, 414, 737, 241, 0, 31.38%, 0, 0, 3, 12989.89, 27305276, 2361
3255, 14, 332, 737, 240, 0, 31.38%, 0, 0, 3, 12799.11, 27388845, 2361
3261, 14, 285, 737, 240, 0, 31.38%, 0, 0, 3, 13061.67, 27457434, 2361
3266, 14, 414, 737, 239, 0, 31.38%, 0, 0, 3, 13354.67, 27525757, 2361
3271, 14, 414, 737, 237, 0, 31.38%, 0, 0, 3, 12922.22, 27590278, 2361
3276, 14, 317, 737, 237, 0, 31.38%, 0, 0, 3, 12840.34, 27655377, 2361
3281, 14, 379, 737, 237, 0, 31.38%, 0, 0, 3, 12718.90, 27722865, 2361
3286, 14, 285, 737, 233, 0, 31.38%, 0, 0, 3, 12814.93, 27807987, 2361
3291, 14, 176, 737, 233, 0, 31.38%, 0, 0, 3, 12382.55, 27870422, 2361
3296, 14, 332, 737, 233, 0, 31.38%, 0, 0, 3, 12320.98, 27931905, 2361
3302, 14, 285, 737, 233, 0, 31.38%, 0, 0, 3, 12745.71, 27994277, 2361
3307, 15, 347, 738, 233, 0, 31.38%, 0, 0, 3, 12016.56, 28053797, 2361
3312, 15, 260, 738, 233, 0, 31.38%, 0, 0, 3, 12490.51, 28119006, 2361
3317, 15, 347, 738, 231, 0, 31.38%, 0, 0, 3, 11544.19, 28190782, 2361
3322, 15, 239, 738, 231, 0, 31.38%, 0, 0, 3, 11520.02, 28248772, 2361
3327, 15, 205, 738, 228, 0, 31.38%, 0, 0, 3, 13151.21, 28317305, 2361
3332, 15, 347, 738, 228, 0, 31.38%, 0, 0, 3, 12919.90, 28381644, 2361
3337, 15, 399, 738, 228, 0, 31.38%, 0, 0, 3, 12162.45, 28446320, 2361
3342, 15, 285, 738, 228, 0, 31.38%, 0, 0, 3, 12373.19, 28509744, 2361
3348, 15, 399, 738, 227, 0, 31.38%, 0, 0, 3, 13686.25, 28595521, 2361
3353, 15, 347, 738, 227, 0, 31.38%, 0, 0, 3, 13238.33, 28661396, 2361
3358, 15, 153, 738, 227, 0, 31.38%, 0, 0, 3, 12751.78, 28725448, 2361
3363, 15, 362, 738, 226, 0, 31.38%, 0, 0, 3, 13060.20, 28792482, 2361
3368, 15, 277, 738, 225, 0, 31.38%, 0, 0, 3, 11956.15, 28852749, 2361
3373, 15, 622, 738, 225, 0, 31.38%, 0, 0, 3, 11927.00, 28912135, 2361
3378, 15, 285, 738, 225, 0, 31.38%, 0, 0, 3, 13038.84, 28990369, 2361
3383, 15, 320, 738, 225, 0, 31.38%, 0, 0, 3, 13388.20, 29058487, 2361
3388, 15, 353, 738, 225, 0, 31.38%, 0, 0, 3, 13359.63, 29124291, 2361
3393, 15, 332, 738, 224, 0, 31.38%, 0, 0, 3, 12811.29, 29187651, 2361
3398, 15, 379, 738, 224, 0, 31.38%, 0, 0, 3, 12629.62, 29249440, 2361
3403, 15, 287, 738, 224, 0, 31.38%, 0, 0, 3, 12799.78, 29312669, 2361
3408, 15, 153, 738, 223, 0, 31.38%, 0, 0, 3, 12073.40, 29374187, 2361
3407, 15, 153, 738, 223, 0, 31.38%, 0, 0, 3, 0.00, 29375287, 2361
3412, 15, 116, 738, 223, 0, 31.38%, 0, 0, 3, 13003.73, 29442762, 2361
3417, 15, 239, 738, 223, 0, 31.38%, 0, 0, 3, 13388.59, 29511895, 2361
3422, 15, 275, 738, 222, 0, 31.38%, 0, 0, 3, 12577.76, 29573687, 2361
3427, 15, 262, 739, 222, 0, 31.38%, 0, 0, 3, 11626.94, 29622092, 2361
3433, 15, 262, 739, 221, 0, 31.38%, 0, 0, 3, 12070.13, 29682171, 2361
3438, 15, 153, 739, 221, 0, 31.38%, 0, 0, 3, 11963.63, 29744837, 2361
3443, 15, 285, 739, 218, 0, 31.38%, 0, 0, 3, 12512.78, 29824106, 2361
3448, 15, 353, 739, 218, 0, 31.38%, 0, 0, 3, 12758.24, 29889090, 2361
3453, 15, 153, 739, 215, 0, 31.38%, 0, 0, 3, 12369.03, 29953139, 2361
3458, 15, 622, 739, 214, 0, 31.38%, 0, 0, 3, 11738.21, 30010943, 2361
3463, 15, 262, 739, 211, 0, 31.38%, 0, 0, 3, 12123.06, 30070393, 2361
3468, 15, 122, 739, 211, 0, 31.38%, 0, 0, 3, 12328.37, 30130373, 2361
3473, 15, 317, 739, 211, 0, 31.38%, 0, 0, 3, 13353.44, 30215182, 2361
3479, 15, 333, 739, 211, 0, 31.38%, 0, 0, 3, 13018.39, 30282723, 2361
3484, 15, 176, 739, 211, 0, 31.38%, 0, 0, 3, 12214.94, 30343439, 2361
3489, 15, 24, 739, 211, 0, 31.38%, 0, 0, 3, 11398.79, 30399441, 2361
3494, 15, 285, 739, 209, 0, 31.38%, 0, 0, 3, 9811.26, 30447342, 2361
3499, 15, 414, 739, 209, 0, 31.38%, 0, 0, 3, 8638.38, 30488789, 2361
3504, 16, 285, 740, 210, 0, 31.38%, 0, 0, 3, 8450.91, 30545671, 2361
3509, 16, 260, 740, 210, 0, 31.38%, 0, 0, 3, 8649.97, 30588263, 2361
3514, 16, 92, 740, 209, 0, 31.38%, 0, 0, 3, 8968.79, 30635535, 2361
3519, 16, 153, 740, 209, 0, 31.38%, 0, 0, 3, 8698.90, 30679686, 2361
3524, 16, 379, 740, 209, 0, 31.38%, 0, 0, 3, 9423.82, 30729274, 2361
3529, 16, 332, 740, 208, 0, 31.38%, 0, 0, 3, 9483.98, 30777276, 2361
3534, 16, 347, 740, 207, 0, 31.38%, 0, 0, 3, 9596.56, 30837609, 2361
3540, 16, 622, 740, 207, 0, 31.38%, 0, 0, 3, 9070.11, 30882635, 2361
3545, 16, 260, 740, 207, 0, 31.38%, 0, 0, 3, 9120.40, 30928910, 2361
3550, 16, 322, 740, 207, 0, 31.38%, 0, 0, 3, 9347.50, 30975702, 2361
3555, 16, 92, 740, 207, 0, 31.38%, 0, 0, 3, 9413.70, 31023457, 2361
3560, 16, 266, 741, 208, 0, 31.38%, 0, 0, 3, 9422.88, 31070387, 2361
3565, 16, 399, 741, 208, 0, 31.38%, 0, 0, 3, 8968.25, 31123531, 2361
3570, 16, 332, 741, 208, 0, 31.38%, 0, 0, 3, 8757.03, 31166894, 2361
3575, 16, 278, 741, 208, 0, 31.38%, 0, 0, 3, 9103.60, 31214918, 2361
3580, 16, 347, 741, 207, 0, 31.38%, 0, 0, 3, 9463.03, 31262887, 2361
3585, 16, 278, 741, 206, 0, 31.38%, 0, 0, 3, 9457.57, 31308976, 2361
3590, 16, 116, 741, 206, 0, 31.38%, 0, 0, 3, 8627.63, 31352983, 2361
3595, 16, 332, 741, 206, 0, 31.38%, 0, 0, 3, 9633.23, 31412619, 2361
3601, 16, 365, 741, 206, 0, 31.38%, 0, 0, 3, 9480.72, 31460067, 2361
3606, 16, 260, 741, 206, 0, 31.38%, 0, 0, 3, 7403.19, 31495515, 2361
3611, 16, 363, 742, 207, 0, 31.38%, 0, 0, 3, 8311.01, 31539059, 2361
3616, 16, 379, 742, 206, 0, 31.38%, 0, 0, 3, 9039.93, 31585828, 2361
3621, 16, 347, 742, 206, 0, 31.38%, 0, 0, 3, 9463.44, 31633614, 2361
3626, 16, 332, 742, 206, 0, 31.38%, 0, 0, 3, 9416.93, 31696720, 2361
3631, 16, 332, 742, 206, 0, 31.38%, 0, 0, 3, 9420.54, 31743899, 2361
3636, 16, 332, 742, 206, 0, 31.38%, 0, 0, 3, 9328.42, 31792844, 2361
3642, 16, 347, 742, 206, 0, 31.38%, 0, 0, 3, 8972.33, 31839231, 2361
3647, 16, 285, 742, 206, 0, 31.38%, 0, 0, 3, 9399.12, 31887619, 2361
3652, 16, 285, 742, 206, 0, 31.38%, 0, 0, 3, 8725.37, 31930719, 2361
3657, 16, 347, 742, 206, 0, 31.38%, 0, 0, 3, 10050.48, 31990785, 2361
3662, 16, 505, 742, 206, 0, 31.38%, 0, 0, 3, 9723.32, 32038554, 2361
3667, 16, 285, 742, 206, 0, 31.38%, 0, 0, 3, 9472.50, 32085562, 2361
3672, 16, 318, 742, 205, 0, 31.38%, 0, 0, 3, 9495.61, 32133279, 2361
3677, 16, 684, 742, 204, 0, 31.38%, 0, 0, 3, 8170.68, 32173841, 2361
3682, 16, 399, 742, 204, 0, 31.38%, 0, 0, 3, 9020.00, 32219559, 2361
3687, 16, 318, 742, 204, 0, 31.38%, 0, 0, 3, 9915.36, 32280377, 2361
3692, 16, 307, 742, 203, 0, 31.38%, 0, 0, 3, 9423.92, 32326979, 2361
3698, 16, 347, 742, 202, 0, 31.38%, 0, 0, 3, 8965.07, 32373601, 2361
3703, 16, 287, 742, 202, 0, 31.38%, 0, 0, 3, 9241.26, 32421699, 2361
3708, 16, 153, 742, 202, 0, 31.38%, 0, 0, 3, 9474.75, 32470460, 2361
3713, 16, 389, 742, 202, 0, 31.38%, 0, 0, 3, 8954.24, 32517786, 2361
3718, 16, 379, 742, 202, 0, 31.38%, 0, 0, 3, 6905.21, 32581074, 2361
3723, 16, 266, 742, 202, 0, 31.38%, 0, 0, 3, 8990.64, 32630023, 2361
3728, 16, 362, 742, 202, 0, 31.38%, 0, 0, 3, 8746.99, 32673060, 2361
3734, 16, 266, 742, 202, 0, 31.38%, 0, 0, 3, 9496.41, 32722539, 2361
3739, 16, 179, 742, 201, 0, 31.38%, 0, 0, 3, 6855.68, 32765485, 2361
3744, 16, 288, 742, 201, 0, 31.38%, 0, 0, 3, 8905.53, 32813994, 2361
3749, 16, 285, 742, 200, 0, 31.38%, 0, 0, 3, 9808.56, 32877179, 2361
3754, 16, 313, 742, 199, 0, 31.38%, 0, 0, 3, 9276.01, 32925309, 2361
3759, 16, 153, 742, 199, 0, 31.38%, 0, 0, 3, 9582.89, 32973318, 2361
3764, 17, 285, 742, 198, 0, 31.38%, 0, 0, 3, 8688.02, 33017204, 2361
3770, 17, 262, 742, 198, 0, 31.38%, 0, 0, 3, 8906.38, 33063736, 2361
3775, 17, 562, 742, 196, 0, 31.38%, 0, 0, 3, 10214.03, 33098811, 2361
3780, 17, 266, 742, 196, 0, 31.38%, 0, 0, 3, 9916.80, 33161746, 2361
3785, 17, 352, 742, 196, 0, 31.38%, 0, 0, 3, 9451.10, 33208634, 2361
3790, 17, 165, 742, 196, 0, 31.38%, 0, 0, 3, 9051.98, 33254630, 2361
3795, 17, 262, 742, 195, 0, 31.38%, 0, 0, 3, 9130.55, 33300333, 2361
3800, 17, 153, 742, 194, 0, 31.38%, 0, 0, 3, 8325.50, 33344534, 2361
3805, 17, 320, 742, 194, 0, 31.38%, 0, 0, 3, 8725.21, 33390245, 2361
3810, 17, 285, 742, 194, 0, 31.38%, 0, 0, 3, 8365.65, 33449717, 2361
3815, 17, 285, 742, 194, 0, 31.38%, 0, 0, 3, 8544.26, 33493609, 2361
3820, 17, 414, 742, 194, 0, 31.38%, 0, 0, 3, 8814.49, 33539678, 2361
3826, 17, 347, 742, 192, 0, 31.38%, 0, 0, 3, 9045.32, 33587195, 2361
3831, 17, 400, 742, 192, 0, 31.38%, 0, 0, 3, 8826.80, 33632900, 2361
3836, 17, 336, 742, 192, 0, 31.38%, 0, 0, 3, 9209.84, 33679227, 2361
3841, 17, 365, 742, 192, 0, 31.38%, 0, 0, 3, 10293.41, 33739183, 2361
3846, 17, 622, 742, 192, 0, 31.38%, 0, 0, 3, 9495.91, 33785982, 2361
3851, 17, 622, 742, 191, 0, 31.38%, 0, 0, 3, 9165.50, 33833566, 2361
3856, 17, 176, 742, 191, 0, 31.38%, 0, 0, 3, 9100.32, 33878683, 2361
3861, 17, 205, 742, 191, 0, 31.38%, 0, 0, 3, 9293.54, 33926746, 2361
3866, 17, 205, 742, 191, 0, 31.38%, 0, 0, 3, 8071.75, 33965720, 2361
3872, 17, 332, 742, 190, 0, 31.38%, 0, 0, 3, 8740.84, 34011750, 2361
3870, 17, 332, 742, 190, 0, 31.38%, 0, 0, 3, 0.00, 34011972, 2361
3875, 17, 320, 742, 190, 0, 31.38%, 0, 0, 3, 9002.81, 34055063, 2361
3880, 17, 333, 742, 189, 0, 31.38%, 0, 0, 3, 9257.51, 34101523, 2361
3885, 17, 399, 742, 188, 0, 31.38%, 0, 0, 3, 9039.58, 34145444, 2361
3890, 17, 399, 742, 188, 0, 31.38%, 0, 0, 3, 9056.15, 34191804, 2361
3896, 17, 24, 742, 188, 0, 31.38%, 0, 0, 3, 8671.12, 34237235, 2361
3901, 17, 347, 742, 188, 0, 31.38%, 0, 0, 3, 8799.13, 34283703, 2361
3906, 17, 414, 742, 188, 0, 31.38%, 0, 0, 3, 9411.23, 34345078, 2361
3911, 17, 399, 742, 188, 0, 31.38%, 0, 0, 3, 9161.81, 34391125, 2361
3916, 17, 332, 742, 188, 0, 31.38%, 0, 0, 3, 9255.75, 34437543, 2361
3921, 17, 347, 742, 188, 0, 31.38%, 0, 0, 3, 9045.05, 34482452, 2361
3926, 17, 177, 742, 188, 0, 31.38%, 0, 0, 3, 9489.97, 34530502, 2361
3931, 17, 260, 742, 188, 0, 31.38%, 0, 0, 3, 9504.03, 34577480, 2361
3936, 17, 195, 742, 188, 0, 31.38%, 0, 0, 3, 8817.61, 34633698, 2361
3941, 17, 260, 742, 188, 0, 31.38%, 0, 0, 3, 9506.71, 34684114, 2361
3946, 17, 313, 743, 188, 0, 31.38%, 0, 0, 3, 8897.92, 34726910, 2361
3952, 17, 332, 743, 188, 0, 31.38%, 0, 0, 3, 9172.17, 34773866, 2361
3957, 17, 235, 743, 188, 0, 31.38%, 0, 0, 3, 8957.64, 34819021, 2361
3962, 17, 347, 743, 187, 0, 31.38%, 0, 0, 3, 8653.63, 34863131, 2361
3967, 17, 174, 743, 187, 0, 31.38%, 0, 0, 3, 9675.74, 34923413, 2361
3972, 17, 389, 743, 187, 0, 31.38%, 0, 0, 3, 8645.54, 34966323, 2361
3977, 17, 332, 743, 187, 0, 31.38%, 0, 0, 3, 8794.02, 35012369, 2361
3982, 17, 205, 743, 186, 0, 31.38%, 0, 0, 3, 8820.83, 35058715, 2361
3987, 17, 353, 743, 186, 0, 31.38%, 0, 0, 3, 8961.81, 35104837, 2361
3992, 17, 283, 743, 186, 0, 31.38%, 0, 0, 3, 8868.72, 35151901, 2361
3997, 17, 622, 743, 185, 0, 31.38%, 0, 0, 3, 9296.23, 35209102, 2361
4003, 17, 260, 743, 185, 0, 31.38%, 0, 0, 3, 8213.27, 35249720, 2361
4008, 17, 286, 743, 185, 0, 31.38%, 0, 0, 3, 9183.31, 35297681, 2361
4013, 17, 285, 743, 185, 0, 31.38%, 0, 0, 3, 9213.66, 35346049, 2361
4018, 17, 176, 743, 185, 0, 31.38%, 0, 0, 3, 8962.29, 35390246, 2361
4023, 17, 332, 743, 185, 0, 31.38%, 0, 0, 3, 9325.62, 35439216, 2361
4028, 17, 180, 743, 184, 0, 31.38%, 0, 0, 3, 9638.57, 35497963, 2361
4033, 18, 332, 746, 186, 0, 31.38%, 0, 0, 3, 9632.41, 35545064, 2361
4038, 18, 318, 746, 186, 0, 31.38%, 0, 0, 3, 9633.81, 35592475, 2361
4043, 18, 278, 746, 186, 0, 31.38%, 0, 0, 3, 9263.82, 35638594, 2361
4048, 18, 285, 746, 186, 0, 31.38%, 0, 0, 3, 9322.29, 35686421, 2361
4053, 18, 153, 747, 187, 0, 31.38%, 0, 0, 3, 9318.89, 35731282, 2361
4058, 18, 332, 747, 187, 0, 31.38%, 0, 0, 3, 9537.89, 35792482, 2361
4064, 18, 585, 747, 187, 0, 31.38%, 0, 0, 3, 9472.84, 35840017, 2361
4069, 18, 260, 747, 186, 0, 31.38%, 0, 0, 3, 9039.60, 35885554, 2361
4074, 18, 336, 747, 186, 0, 31.38%, 0, 0, 3, 8783.09, 35928578, 2361
4079, 18, 336, 747, 184, 0, 31.38%, 0, 0, 3, 9461.32, 35978448, 2361
4084, 18, 394, 747, 184, 0, 31.38%, 0, 0, 3, 9368.85, 36026097, 2361
4089, 18, 308, 747, 184, 0, 31.38%, 0, 0, 3, 7815.68, 36085836, 2361
4094, 18, 122, 747, 183, 0, 31.38%, 0, 0, 3, 9109.50, 36133294, 2361
4099, 18, 322, 747, 183, 0, 31.38%, 0, 0, 3, 9356.55, 36183409, 2361
4104, 18, 399, 747, 183, 0, 31.38%, 0, 0, 3, 9362.68, 36230002, 2361
4109, 18, 332, 747, 183, 0, 31.38%, 0, 0, 3, 9124.96, 36273591, 2361
4114, 18, 414, 747, 183, 0, 31.38%, 0, 0, 3, 8943.37, 36319248, 2361
4120, 18, 379, 747, 182, 0, 31.38%, 0, 0, 3, 9997.70, 36381462, 2361
4125, 18, 352, 747, 182, 0, 31.38%, 0, 0, 3, 9379.48, 36428253, 2361
4130, 18, 396, 747, 182, 0, 31.38%, 0, 0, 3, 9264.20, 36473664, 2361
4135, 18, 92, 747, 182, 0, 31.38%, 0, 0, 3, 9142.01, 36520318, 2361
4140, 18, 399, 747, 180, 0, 31.38%, 0, 0, 3, 9667.91, 36571435, 2361
4145, 18, 260, 747, 180, 0, 31.38%, 0, 0, 3, 9481.77, 36621278, 2361
4150, 18, 352, 747, 180, 0, 31.38%, 0, 0, 3, 9965.07, 36684838, 2361
4155, 18, 176, 747, 180, 0, 31.38%, 0, 0, 3, 9721.06, 36733012, 2361
4160, 18, 285, 747, 179, 0, 31.38%, 0, 0, 3, 9367.98, 36780362, 2361
4166, 18, 266, 747, 179, 0, 31.38%, 0, 0, 3, 9068.06, 36826248, 2361
4171, 18, 322, 747, 179, 0, 31.38%, 0, 0, 3, 9396.92, 36876139, 2361
4176, 18, 622, 747, 179, 0, 31.38%, 0, 0, 3, 9041.24, 36921399, 2361
4181, 18, 622, 747, 179, 0, 31.38%, 0, 0, 3, 9772.75, 36980561, 2361
4186, 18, 353, 747, 179, 0, 31.38%, 0, 0, 3, 9485.05, 37029132, 2361
4191, 18, 332, 748, 180, 0, 31.38%, 0, 0, 3, 9689.21, 37080123, 2361
4196, 18, 276, 748, 180, 0, 31.38%, 0, 0, 3, 9498.01, 37128468, 2361
4201, 18, 205, 748, 180, 0, 31.38%, 0, 0, 3, 9323.60, 37175366, 2361
4206, 18, 266, 748, 180, 0, 31.38%, 0, 0, 3, 9255.29, 37222836, 2361
4211, 18, 266, 748, 180, 0, 31.38%, 0, 0, 3, 7986.43, 37275974, 2361
4216, 18, 260, 748, 180, 0, 31.38%, 0, 0, 3, 9129.22, 37323509, 2361
4222, 18, 347, 748, 180, 0, 31.38%, 0, 0, 3, 9015.89, 37369169, 2361
4227, 18, 92, 748, 179, 0, 31.38%, 0, 0, 3, 9259.09, 37415557, 2361
4232, 18, 347, 748, 178, 0, 31.38%, 0, 0, 3, 9460.81, 37463092, 2361
4237, 18, 318, 748, 178, 0, 31.38%, 0, 0, 3, 9479.22, 37510565, 2361
4242, 18, 622, 748, 178, 0, 31.38%, 0, 0, 3, 8911.90, 37553549, 2361
4241, 18, 176, 748, 178, 0, 31.38%, 0, 0, 3, 0.00, 37556103, 2361
4246, 18, 153, 748, 177, 0, 31.38%, 0, 0, 3, 9678.74, 37602450, 2361
4251, 18, 286, 748, 176, 0, 31.38%, 0, 0, 3, 9262.05, 37649295, 2361
4256, 18, 262, 748, 176, 0, 31.38%, 0, 0, 3, 9570.95, 37697690, 2361
4261, 18, 332, 748, 176, 0, 31.38%, 0, 0, 3, 9328.35, 37745305, 2361
4266, 18, 176, 748, 176, 0, 31.38%, 0, 0, 3, 9095.93, 37793179, 2361
4271, 18, 266, 748, 176, 0, 31.38%, 0, 0, 3, 9394.77, 37840849, 2361
4276, 18, 365, 748, 176, 0, 31.38%, 0, 0, 3, 9155.13, 37900731, 2361
4281, 18, 239, 748, 175, 0, 31.38%, 0, 0, 3, 9401.22, 37950457, 2361
4287, 18, 322, 748, 175, 0, 31.38%, 0, 0, 3, 9591.63, 37999664, 2361
4292, 18, 260, 748, 175, 0, 31.38%, 0, 0, 3, 9599.61, 38049022, 2361
4297, 18, 262, 748, 175, 0, 31.38%, 0, 0, 3, 9250.25, 38095426, 2361
4302, 19, 260, 749, 174, 0, 31.38%, 0, 0, 3, 9330.75, 38141812, 2361
4307, 19, 277, 749, 174, 0, 31.38%, 0, 0, 3, 10039.67, 38205291, 2361
4312, 19, 153, 749, 174, 0, 31.38%, 0, 0, 3, 9470.69, 38251576, 2361
4317, 19, 75, 749, 173, 0, 31.38%, 0, 0, 3, 9173.81, 38298479, 2361
4322, 19, 307, 749, 173, 0, 31.38%, 0, 0, 3, 9135.85, 38346059, 2361
4327, 19, 219, 749, 173, 0, 31.38%, 0, 0, 3, 9650.43, 38395896, 2361
4332, 19, 285, 749, 173, 0, 31.38%, 0, 0, 3, 9608.94, 38444736, 2361
4338, 19, 332, 749, 171, 0, 31.38%, 0, 0, 3, 8916.79, 38504171, 2361
4343, 19, 279, 749, 171, 0, 31.38%, 0, 0, 3, 9461.31, 38553541, 2361
4348, 19, 283, 749, 170, 0, 31.38%, 0, 0, 3, 9327.59, 38600988, 2361
4353, 19, 414, 749, 170, 0, 31.38%, 0, 0, 3, 9478.99, 38650939, 2361
4358, 19, 200, 749, 170, 0, 31.38%, 0, 0, 3, 9635.74, 38700586, 2361
4363, 19, 332, 749, 170, 0, 31.38%, 0, 0, 3, 9176.63, 38748232, 2361
4368, 19, 394, 749, 169, 0, 31.38%, 0, 0, 3, 7177.26, 38783371, 2361
4373, 19, 179, 749, 169, 0, 31.38%, 0, 0, 3, 8522.80, 38827778, 2361
4379, 19, 352, 749, 169, 0, 31.38%, 0, 0, 3, 8703.03, 38872324, 2361
4384, 19, 219, 749, 168, 0, 31.38%, 0, 0, 3, 9143.87, 38920211, 2361
4389, 19, 116, 749, 167, 0, 31.38%, 0, 0, 3, 9655.22, 38970488, 2361
4394, 19, 278, 749, 167, 0, 31.38%, 0, 0, 3, 9544.09, 39020347, 2361
4399, 19, 116, 749, 166, 0, 31.38%, 0, 0, 3, 10232.58, 39086701, 2361
4404, 19, 347, 749, 166, 0, 31.38%, 0, 0, 3, 9889.02, 39135373, 2361
4409, 19, 146, 749, 166, 0, 31.38%, 0, 0, 3, 9422.59, 39183463, 2361
4414, 19, 269, 749, 166, 0, 31.38%, 0, 0, 3, 9807.77, 39234880, 2361
4420, 19, 200, 749, 166, 0, 31.38%, 0, 0, 3, 9481.62, 39283972, 2361
4425, 19, 285, 750, 166, 0, 31.38%, 0, 0, 3, 6686.39, 39328511, 2361
4430, 19, 153, 750, 165, 0, 31.38%, 0, 0, 3, 9400.32, 39391367, 2361
4435, 19, 332, 750, 165, 0, 31.38%, 0, 0, 3, 9149.44, 39438349, 2361
4440, 19, 399, 751, 166, 0, 31.38%, 0, 0, 3, 9126.79, 39485774, 2361
4445, 19, 285, 751, 165, 0, 31.38%, 0, 0, 3, 9359.36, 39533378, 2361
4450, 19, 153, 753, 167, 0, 31.38%, 0, 0, 3, 4980.52, 39568952, 2361
4455, 19, 396, 753, 167, 0, 31.38%, 0, 0, 3, 7933.42, 39612367, 2361
4461, 19, 176, 753, 166, 0, 31.38%, 0, 0, 3, 9381.83, 39664623, 2361
4466, 19, 153, 754, 167, 0, 31.38%, 0, 0, 3, 9495.01, 39711342, 2361
4471, 19, 414, 754, 167, 0, 31.38%, 0, 0, 3, 9418.03, 39760291, 2361
4476, 19, 122, 754, 167, 0, 31.38%, 0, 0, 3, 9525.51, 39807651, 2361
4481, 19, 176, 754, 167, 0, 31.38%, 0, 0, 3, 8987.36, 39852778, 2361
4486, 19, 332, 754, 167, 0, 31.38%, 0, 0, 3, 8871.60, 39897904, 2361
4491, 19, 336, 754, 167, 0, 31.38%, 0, 0, 3, 10019.06, 39959916, 2361
4496, 19, 347, 754, 166, 0, 31.38%, 0, 0, 3, 9455.09, 40006867, 2361
4501, 19, 300, 754, 166, 0, 31.38%, 0, 0, 3, 9102.31, 40051585, 2361
4507, 19, 332, 754, 166, 0, 31.38%, 0, 0, 3, 9424.16, 40099144, 2361
4512, 19, 379, 754, 165, 0, 31.38%, 0, 0, 3, 9344.16, 40147170, 2361
4517, 19, 276, 754, 165, 0, 31.38%, 0, 0, 3, 8793.58, 40192118, 2361
4522, 19, 314, 754, 165, 0, 31.38%, 0, 0, 3, 9764.33, 40248757, 2361
4527, 19, 285, 754, 165, 0, 31.38%, 0, 0, 3, 9177.21, 40296283, 2361
4532, 19, 285, 755, 166, 0, 31.38%, 0, 0, 3, 8896.20, 40341954, 2361
4537, 19, 332, 755, 165, 0, 31.38%, 0, 0, 3, 8650.06, 40386521, 2361
4542, 19, 332, 755, 165, 0, 31.38%, 0, 0, 3, 9298.26, 40434296, 2361
4547, 19, 414, 755, 165, 0, 31.38%, 0, 0, 3, 9557.94, 40484371, 2361
4552, 19, 285, 755, 165, 0, 31.38%, 0, 0, 3, 9820.05, 40545051, 2361
4557, 19, 260, 755, 164, 0, 31.38%, 0, 0, 3, 9218.49, 40590468, 2361
4563, 19, 262, 755, 164, 0, 31.38%, 0, 0, 3, 9487.09, 40637430, 2361
4568, 19, 285, 755, 164, 0, 31.38%, 0, 0, 3, 9259.14, 40680066, 2361
4573, 19, 341, 755, 164, 0, 31.38%, 0, 0, 3, 8782.81, 40719916, 2361
4578, 19, 153, 755, 164, 0, 31.38%, 0, 0, 3, 9397.73, 40767970, 2361
4583, 19, 262, 755, 164, 0, 31.38%, 0, 0, 3, 9492.34, 40831358, 2361
