# relative_time, cycles_done, cur_item, corpus_count, pending_total, pending_favs, map_size, saved_crashes, saved_hangs, max_depth, execs_per_sec, total_execs, edges_found
61, 0, 189, 232, 215, 71, 28.47%, 0, 0, 4, 3962.61, 261280, 2142
66, 0, 48, 233, 211, 67, 28.51%, 0, 0, 4, 3967.00, 281865, 2145
71, 0, 16, 245, 220, 66, 28.53%, 0, 0, 4, 3067.10, 297775, 2146
76, 0, 16, 247, 222, 66, 28.53%, 0, 0, 4, 2429.61, 309087, 2146
81, 0, 16, 247, 222, 66, 28.53%, 0, 0, 4, 2263.29, 324039, 2146
86, 0, 16, 267, 242, 66, 28.57%, 0, 0, 4, 3747.33, 344665, 2149
91, 0, 16, 271, 246, 66, 28.57%, 0, 0, 4, 3559.22, 363487, 2149
97, 0, 16, 271, 246, 66, 28.57%, 0, 0, 4, 3041.96, 378187, 2149
102, 0, 16, 271, 246, 66, 28.57%, 0, 0, 4, 3072.07, 393323, 2149
107, 0, 231, 282, 256, 62, 29.07%, 0, 0, 5, 4735.94, 419108, 2187
112, 0, 231, 283, 257, 62, 29.07%, 0, 0, 5, 3648.29, 443401, 2187
117, 0, 161, 285, 255, 61, 29.07%, 0, 0, 5, 3785.23, 462557, 2187
122, 0, 220, 287, 255, 59, 29.07%, 0, 0, 6, 3892.62, 482295, 2187
127, 0, 85, 290, 254, 55, 29.07%, 0, 0, 6, 3769.82, 501184, 2187
132, 0, 66, 294, 254, 51, 29.10%, 0, 0, 6, 4304.20, 523171, 2189
137, 0, 273, 295, 252, 50, 29.24%, 0, 0, 6, 3973.13, 542967, 2200
142, 0, 232, 298, 250, 47, 29.24%, 0, 0, 6, 3937.30, 569506, 2200
147, 0, 218, 305, 256, 46, 29.46%, 0, 0, 6, 4608.55, 591981, 2216
153, 0, 218, 308, 259, 46, 29.46%, 0, 0, 6, 4456.43, 616245, 2216
158, 0, 218, 308, 259, 46, 29.46%, 0, 0, 6, 3825.89, 634791, 2216
163, 0, 206, 309, 259, 48, 29.46%, 0, 0, 6, 3542.57, 652458, 2216
168, 0, 241, 310, 258, 46, 29.46%, 0, 0, 6, 3586.82, 671203, 2216
173, 0, 117, 316, 258, 40, 29.46%, 0, 0, 6, 3881.06, 697836, 2216
178, 0, 314, 322, 260, 36, 29.86%, 0, 0, 6, 3908.80, 716685, 2246
183, 0, 119, 327, 262, 34, 29.87%, 0, 0, 7, 3904.62, 736857, 2247
189, 0, 132, 346, 278, 31, 30.35%, 0, 0, 7, 4104.76, 757732, 2283
194, 0, 132, 347, 279, 31, 30.35%, 0, 0, 7, 3832.05, 776888, 2283
199, 0, 300, 349, 280, 37, 30.35%, 0, 0, 7, 3935.91, 796911, 2283
204, 0, 262, 357, 283, 32, 30.35%, 0, 0, 7, 3845.80, 822407, 2283
209, 0, 305, 358, 281, 30, 30.35%, 0, 0, 7, 3855.73, 841965, 2283
214, 0, 94, 359, 280, 29, 30.35%, 0, 0, 7, 3860.69, 861678, 2283
219, 0, 357, 361, 279, 27, 30.36%, 0, 0, 7, 3952.97, 881766, 2284
224, 0, 117, 363, 276, 23, 30.37%, 0, 0, 7, 3995.12, 901729, 2285
229, 0, 362, 365, 276, 21, 30.39%, 0, 0, 7, 3928.60, 921728, 2286
235, 0, 333, 365, 271, 18, 30.39%, 0, 0, 7, 3883.16, 947126, 2286
240, 0, 200, 369, 271, 14, 30.39%, 0, 0, 7, 3920.39, 967022, 2286
245, 0, 295, 369, 269, 12, 30.39%, 0, 0, 7, 3882.51, 986434, 2286
250, 0, 55, 371, 269, 10, 30.39%, 0, 0, 7, 3849.13, 1005537, 2286
255, 0, 173, 372, 267, 7, 30.39%, 0, 0, 7, 3801.33, 1024443, 2286
260, 0, 204, 372, 265, 5, 30.39%, 0, 0, 7, 3931.38, 1045006, 2286
265, 0, 77, 373, 262, 3, 30.39%, 0, 0, 7, 3881.40, 1069851, 2286
270, 0, 131, 375, 262, 1, 30.39%, 0, 0, 7, 3625.55, 1088752, 2286
275, 0, 101, 376, 263, 1, 30.40%, 0, 0, 7, 3784.34, 1107862, 2287
280, 0, 101, 376, 263, 2, 30.40%, 0, 0, 7, 3789.67, 1127303, 2287
285, 0, 356, 381, 267, 2, 30.40%, 0, 0, 7, 4132.35, 1148011, 2287
290, 0, 356, 381, 267, 2, 30.40%, 0, 0, 7, 3868.61, 1167470, 2287
295, 0, 377, 382, 267, 2, 30.40%, 0, 0, 7, 3753.99, 1192159, 2287
300, 0, 377, 384, 269, 2, 30.40%, 0, 0, 7, 3873.77, 1212563, 2287
305, 0, 383, 385, 268, 1, 30.40%, 0, 0, 7, 3851.13, 1231898, 2287
310, 0, 66, 385, 267, 0, 30.40%, 0, 0, 7, 3741.03, 1251033, 2287
315, 0, 336, 386, 268, 0, 30.40%, 0, 0, 7, 3861.70, 1270696, 2287
320, 0, 57, 386, 268, 0, 30.40%, 0, 0, 7, 3904.66, 1290467, 2287
326, 0, 176, 386, 268, 0, 30.40%, 0, 0, 7, 3933.10, 1316554, 2287
331, 0, 232, 386, 268, 0, 30.40%, 0, 0, 7, 3885.23, 1336134, 2287
336, 0, 273, 386, 268, 0, 30.40%, 0, 0, 7, 3911.99, 1355882, 2287
341, 0, 57, 386, 268, 0, 30.40%, 0, 0, 7, 3726.69, 1374312, 2287
346, 0, 57, 387, 269, 0, 30.40%, 0, 0, 7, 3471.63, 1391540, 2287
351, 0, 101, 389, 271, 0, 30.40%, 0, 0, 7, 3828.58, 1411121, 2287
356, 0, 131, 392, 274, 0, 30.40%, 0, 0, 7, 3833.16, 1430623, 2287
355, 0, 131, 392, 274, 0, 30.40%, 0, 0, 7, 0.00, 1432196, 2287
360, 0, 77, 392, 274, 0, 30.40%, 0, 0, 7, 3874.60, 1451824, 2287
365, 0, 101, 392, 274, 0, 30.40%, 0, 0, 7, 3894.53, 1472101, 2287
370, 0, 233, 393, 275, 0, 30.40%, 0, 0, 7, 3744.05, 1490909, 2287
375, 0, 278, 394, 275, 0, 30.40%, 0, 0, 7, 3725.39, 1509639, 2287
380, 0, 271, 396, 276, 0, 30.40%, 0, 0, 7, 3869.11, 1529534, 2287
385, 0, 135, 396, 276, 0, 30.40%, 0, 0, 7, 3905.51, 1549455, 2287
390, 0, 91, 397, 277, 0, 30.40%, 0, 0, 7, 4011.32, 1574773, 2287
396, 0, 91, 397, 277, 0, 30.40%, 0, 0, 7, 3852.65, 1594560, 2287
401, 0, 232, 397, 277, 0, 30.40%, 0, 0, 7, 3844.65, 1613659, 2287
406, 0, 101, 398, 278, 0, 30.40%, 0, 0, 7, 3922.60, 1633735, 2287
411, 0, 161, 399, 279, 0, 30.40%, 0, 0, 7, 4009.34, 1653858, 2287
416, 0, 176, 399, 279, 0, 30.40%, 0, 0, 7, 4000.67, 1673843, 2287
421, 0, 162, 399, 279, 0, 30.40%, 0, 0, 7, 3927.10, 1699782, 2287
426, 0, 67, 399, 279, 0, 30.40%, 0, 0, 7, 3833.04, 1719090, 2287
431, 0, 77, 400, 280, 0, 30.40%, 0, 0, 7, 3873.70, 1738748, 2287
436, 0, 101, 401, 281, 0, 30.40%, 0, 0, 7, 3615.45, 1757320, 2287
441, 0, 210, 401, 281, 0, 30.40%, 0, 0, 7, 3701.45, 1776474, 2287
446, 0, 255, 401, 281, 0, 30.40%, 0, 0, 7, 3797.28, 1795789, 2287
451, 0, 101, 401, 281, 0, 30.40%, 0, 0, 7, 3552.10, 1819025, 2287
456, 0, 118, 402, 282, 0, 30.40%, 0, 0, 7, 3762.84, 1837871, 2287
461, 0, 161, 402, 282, 0, 30.40%, 0, 0, 7, 3941.80, 1857933, 2287
466, 0, 77, 402, 282, 0, 30.40%, 0, 0, 7, 3859.59, 1877235, 2287
471, 0, 118, 402, 282, 0, 30.40%, 0, 0, 7, 3902.18, 1897555, 2287
476, 0, 176, 402, 282, 0, 30.40%, 0, 0, 7, 3852.44, 1916578, 2287
482, 0, 135, 403, 283, 0, 30.40%, 0, 0, 8, 4095.83, 1941908, 2287
487, 0, 101, 403, 283, 0, 30.40%, 0, 0, 8, 3855.43, 1961004, 2287
492, 0, 101, 403, 283, 0, 30.40%, 0, 0, 8, 3809.83, 1980256, 2287
497, 0, 357, 403, 283, 0, 30.40%, 0, 0, 8, 3885.48, 1999620, 2287
502, 0, 135, 403, 283, 0, 30.40%, 0, 0, 8, 3894.46, 2019272, 2287
507, 0, 101, 403, 283, 0, 30.40%, 0, 0, 8, 3695.08, 2038129, 2287
512, 0, 172, 403, 283, 0, 30.40%, 0, 0, 8, 3849.77, 2063910, 2287
517, 0, 77, 403, 283, 0, 30.40%, 0, 0, 8, 3846.76, 2083529, 2287
522, 0, 101, 403, 283, 0, 30.40%, 0, 0, 8, 3795.43, 2102735, 2287
527, 0, 91, 403, 283, 0, 30.40%, 0, 0, 8, 3805.89, 2121975, 2287
532, 0, 362, 405, 285, 0, 30.40%, 0, 0, 8, 3857.22, 2141231, 2287
537, 0, 172, 405, 285, 0, 30.40%, 0, 0, 8, 3834.78, 2160537, 2287
542, 0, 193, 405, 285, 0, 30.40%, 0, 0, 8, 3895.24, 2186200, 2287
547, 0, 255, 406, 286, 0, 30.40%, 0, 0, 8, 3804.51, 2205737, 2287
553, 0, 77, 406, 286, 0, 30.40%, 0, 0, 8, 3936.01, 2225683, 2287
558, 0, 117, 406, 285, 0, 30.40%, 0, 0, 8, 3373.29, 2243143, 2287
563, 0, 232, 406, 285, 0, 30.40%, 0, 0, 8, 3757.22, 2262361, 2287
568, 0, 383, 406, 285, 0, 30.40%, 0, 0, 8, 3852.79, 2281866, 2287
573, 0, 314, 406, 285, 0, 30.40%, 0, 0, 8, 3859.06, 2307016, 2287
578, 0, 57, 406, 285, 0, 30.40%, 0, 0, 8, 3967.52, 2327129, 2287
583, 1, 184, 406, 285, 0, 30.40%, 0, 0, 8, 3898.94, 2346713, 2287
588, 1, 77, 407, 286, 0, 30.40%, 0, 0, 8, 3757.12, 2365413, 2287
593, 1, 101, 407, 286, 0, 30.40%, 0, 0, 8, 3995.89, 2386239, 2287
598, 1, 5, 407, 286, 0, 30.40%, 0, 0, 8, 3913.26, 2405856, 2287
603, 1, 66, 408, 286, 0, 30.40%, 0, 0, 8, 3857.53, 2430199, 2287
608, 1, 255, 408, 286, 0, 30.40%, 0, 0, 8, 3928.77, 2449913, 2287
613, 1, 177, 408, 286, 0, 30.40%, 0, 0, 8, 3916.56, 2469473, 2287
618, 1, 117, 409, 287, 0, 30.40%, 0, 0, 8, 3918.78, 2489345, 2287
623, 1, 101, 409, 287, 0, 30.40%, 0, 0, 8, 3949.98, 2509323, 2287
628, 1, 72, 409, 287, 0, 30.40%, 0, 0, 8, 3949.93, 2529258, 2287
633, 1, 101, 410, 288, 0, 30.40%, 0, 0, 8, 3874.27, 2548815, 2287
632, 1, 101, 410, 288, 0, 30.40%, 0, 0, 8, 0.00, 2549243, 2287
637, 1, 101, 410, 288, 0, 30.40%, 0, 0, 8, 3802.67, 2568420, 2287
642, 1, 91, 410, 288, 0, 30.40%, 0, 0, 8, 3783.50, 2587515, 2287
647, 1, 332, 410, 288, 0, 30.40%, 0, 0, 8, 3927.25, 2607570, 2287
653, 1, 101, 411, 288, 0, 30.40%, 0, 0, 8, 3921.28, 2628206, 2287
658, 1, 204, 411, 287, 0, 30.40%, 0, 0, 8, 3918.34, 2647590, 2287
663, 1, 255, 411, 287, 0, 30.40%, 0, 0, 8, 3792.76, 2667528, 2287
668, 1, 91, 412, 288, 0, 30.40%, 0, 0, 8, 3937.22, 2691861, 2287
673, 1, 77, 412, 288, 0, 30.40%, 0, 0, 8, 3952.19, 2711691, 2287
678, 1, 177, 413, 289, 0, 30.40%, 0, 0, 8, 3965.08, 2731569, 2287
683, 1, 209, 414, 290, 0, 30.40%, 0, 0, 8, 3876.39, 2751739, 2287
688, 1, 66, 415, 291, 0, 30.40%, 0, 0, 8, 3926.85, 2772210, 2287
693, 1, 183, 416, 292, 0, 30.40%, 0, 0, 8, 3917.86, 2791958, 2287
698, 1, 104, 416, 292, 0, 30.40%, 0, 0, 8, 3638.13, 2816943, 2287
703, 1, 206, 420, 296, 0, 30.40%, 0, 0, 8, 4063.63, 2838384, 2287
708, 1, 132, 420, 296, 0, 30.40%, 0, 0, 8, 3940.07, 2857946, 2287
713, 1, 295, 421, 297, 0, 30.40%, 0, 0, 8, 3854.15, 2877141, 2287
718, 1, 232, 421, 297, 0, 30.40%, 0, 0, 8, 3780.62, 2896253, 2287
723, 1, 91, 424, 300, 0, 30.40%, 0, 0, 8, 3819.05, 2915343, 2287
729, 1, 127, 424, 300, 0, 30.40%, 0, 0, 8, 3880.03, 2940537, 2287
734, 1, 94, 424, 300, 0, 30.40%, 0, 0, 8, 3878.21, 2960031, 2287
739, 1, 176, 424, 299, 0, 30.40%, 0, 0, 8, 3879.19, 2979791, 2287
744, 1, 101, 425, 300, 0, 30.40%, 0, 0, 8, 3877.95, 2999572, 2287
749, 1, 426, 427, 302, 1, 30.43%, 0, 0, 8, 3657.43, 3018330, 2289
754, 1, 195, 427, 301, 0, 30.43%, 0, 0, 8, 3837.16, 3037759, 2289
759, 1, 101, 428, 302, 0, 30.43%, 0, 0, 8, 3902.25, 3063579, 2289
764, 1, 101, 429, 303, 0, 30.43%, 0, 0, 8, 3797.34, 3082267, 2289
769, 1, 101, 429, 303, 0, 30.43%, 0, 0, 8, 3846.25, 3102004, 2289
774, 1, 117, 429, 303, 0, 30.43%, 0, 0, 8, 3843.49, 3121411, 2289
779, 1, 176, 429, 302, 0, 30.43%, 0, 0, 8, 3911.28, 3141066, 2289
784, 1, 77, 430, 303, 0, 30.43%, 0, 0, 8, 3928.62, 3161467, 2289
789, 1, 271, 431, 304, 0, 30.43%, 0, 0, 8, 3869.53, 3187462, 2289
795, 1, 362, 431, 304, 0, 30.43%, 0, 0, 8, 3912.20, 3207369, 2289
800, 1, 198, 431, 304, 0, 30.43%, 0, 0, 8, 3913.78, 3227043, 2289
805, 1, 183, 431, 304, 0, 30.43%, 0, 0, 8, 3910.10, 3246488, 2289
810, 1, 232, 431, 304, 0, 30.43%, 0, 0, 8, 3886.44, 3266147, 2289
815, 1, 101, 431, 304, 0, 30.43%, 0, 0, 8, 3859.55, 3285265, 2289
820, 1, 362, 431, 304, 0, 30.43%, 0, 0, 8, 3879.31, 3310918, 2289
825, 1, 196, 431, 304, 0, 30.43%, 0, 0, 8, 3949.98, 3330750, 2289
830, 1, 271, 433, 306, 0, 30.73%, 0, 0, 8, 4016.41, 3351222, 2312
835, 1, 101, 433, 306, 1, 30.73%, 0, 0, 8, 3853.08, 3370758, 2312
840, 1, 431, 437, 309, 1, 30.95%, 0, 0, 8, 4018.83, 3392379, 2328
845, 1, 91, 437, 307, 0, 30.95%, 0, 0, 8, 3972.14, 3412444, 2328
850, 1, 273, 437, 307, 0, 30.95%, 0, 0, 8, 3798.81, 3438354, 2328
855, 1, 101, 437, 307, 0, 30.95%, 0, 0, 8, 3934.55, 3458208, 2328
860, 1, 66, 437, 307, 0, 30.95%, 0, 0, 8, 3933.60, 3477926, 2328
865, 1, 101, 437, 307, 0, 30.95%, 0, 0, 8, 3660.57, 3496517, 2328
870, 1, 101, 437, 307, 0, 30.95%, 0, 0, 8, 3862.47, 3516259, 2328
875, 1, 91, 437, 307, 0, 30.95%, 0, 0, 8, 3852.46, 3535529, 2328
881, 1, 362, 438, 308, 0, 30.95%, 0, 0, 8, 3865.83, 3555616, 2328
879, 1, 362, 438, 308, 0, 30.95%, 0, 0, 8, 0.00, 3555924, 2328
884, 1, 130, 438, 308, 0, 30.95%, 0, 0, 8, 3967.97, 3576049, 2328
890, 1, 122, 442, 312, 0, 30.95%, 0, 0, 8, 3898.24, 3596414, 2328
895, 1, 232, 442, 312, 0, 30.95%, 0, 0, 8, 3889.59, 3616579, 2328
900, 1, 383, 443, 313, 0, 30.95%, 0, 0, 8, 3730.26, 3635429, 2328
905, 1, 117, 443, 313, 0, 30.95%, 0, 0, 8, 3771.74, 3654257, 2328
910, 1, 101, 443, 312, 0, 30.95%, 0, 0, 8, 3869.67, 3673810, 2328
915, 1, 57, 443, 312, 0, 30.95%, 0, 0, 8, 3962.94, 3699504, 2328
920, 1, 77, 443, 312, 0, 30.95%, 0, 0, 8, 3878.46, 3718951, 2328
925, 1, 257, 443, 312, 0, 30.95%, 0, 0, 8, 3801.37, 3738022, 2328
930, 1, 131, 443, 311, 0, 30.95%, 0, 0, 8, 3761.43, 3756529, 2328
935, 1, 86, 443, 311, 0, 30.95%, 0, 0, 8, 3894.81, 3776628, 2328
940, 1, 362, 443, 311, 0, 30.95%, 0, 0, 8, 3674.95, 3795227, 2328
946, 1, 101, 443, 311, 0, 30.95%, 0, 0, 8, 3433.42, 3819762, 2328
951, 1, 271, 443, 311, 0, 30.95%, 0, 0, 8, 3709.34, 3839102, 2328
956, 1, 433, 444, 311, 0, 30.95%, 0, 0, 8, 3891.42, 3859656, 2328
961, 1, 195, 444, 311, 0, 30.95%, 0, 0, 8, 3942.06, 3879815, 2328
966, 1, 94, 444, 311, 0, 30.95%, 0, 0, 8, 3896.09, 3899418, 2328
971, 1, 292, 444, 311, 0, 30.95%, 0, 0, 8, 3899.45, 3919104, 2328
976, 1, 117, 444, 310, 0, 30.95%, 0, 0, 8, 3891.74, 3944335, 2328
981, 1, 127, 444, 310, 0, 30.95%, 0, 0, 8, 3829.47, 3963798, 2328
986, 1, 77, 445, 311, 0, 30.95%, 0, 0, 8, 3782.57, 3982316, 2328
991, 1, 66, 445, 311, 0, 30.95%, 0, 0, 8, 3862.35, 4001900, 2328
996, 1, 37, 445, 311, 0, 30.95%, 0, 0, 8, 3820.17, 4021084, 2328
1001, 1, 289, 445, 310, 0, 30.95%, 0, 0, 8, 3840.68, 4040558, 2328
1007, 1, 122, 446, 311, 0, 30.95%, 0, 0, 8, 4026.54, 4066009, 2328
1012, 1, 271, 447, 312, 0, 30.95%, 0, 0, 8, 3967.72, 4085882, 2328
1017, 1, 101, 447, 312, 0, 30.95%, 0, 0, 8, 3753.07, 4105185, 2328
1022, 1, 101, 447, 312, 0, 30.95%, 0, 0, 8, 3804.11, 4124267, 2328
1027, 1, 220, 447, 312, 0, 30.95%, 0, 0, 8, 3821.42, 4143720, 2328
1032, 1, 195, 447, 312, 0, 30.95%, 0, 0, 8, 3870.93, 4163141, 2328
1037, 1, 232, 447, 312, 0, 30.95%, 0, 0, 8, 3848.40, 4188753, 2328
1042, 1, 195, 505, 370, 0, 31.24%, 0, 0, 8, 3931.30, 4208807, 2350
1047, 2, 203, 512, 377, 2, 31.24%, 0, 0, 8, 3795.05, 4227830, 2350
1052, 2, 291, 512, 376, 1, 31.24%, 0, 0, 8, 3807.75, 4247149, 2350
1057, 2, 96, 512, 375, 1, 31.24%, 0, 0, 8, 3834.76, 4266513, 2350
1062, 2, 207, 512, 374, 0, 31.24%, 0, 0, 8, 3977.20, 4287186, 2350
1067, 2, 172, 512, 373, 0, 31.24%, 0, 0, 8, 4050.05, 4312068, 2350
1073, 2, 220, 512, 373, 0, 31.24%, 0, 0, 8, 3882.36, 4331474, 2350
1078, 2, 91, 512, 373, 0, 31.24%, 0, 0, 8, 3894.59, 4351122, 2350
1083, 2, 101, 512, 373, 0, 31.24%, 0, 0, 8, 3876.14, 4371162, 2350
1088, 2, 271, 514, 375, 0, 31.24%, 0, 0, 8, 3663.97, 4389142, 2350
1093, 2, 232, 514, 375, 0, 31.24%, 0, 0, 8, 3790.69, 4408663, 2350
1098, 2, 184, 514, 375, 0, 31.24%, 0, 0, 8, 3902.87, 4433604, 2350
1103, 2, 224, 514, 375, 0, 31.24%, 0, 0, 8, 3824.96, 4452971, 2350
1108, 2, 77, 514, 374, 0, 31.24%, 0, 0, 8, 3807.52, 4471792, 2350
1113, 2, 195, 514, 372, 0, 31.24%, 0, 0, 8, 3845.15, 4491222, 2350
1118, 2, 232, 514, 372, 0, 31.24%, 0, 0, 8, 3684.60, 4510272, 2350
1123, 2, 77, 514, 372, 0, 31.24%, 0, 0, 8, 3877.46, 4529983, 2350
1128, 2, 108, 516, 374, 0, 31.24%, 0, 0, 8, 3875.30, 4553750, 2350
1133, 2, 108, 517, 375, 0, 31.24%, 0, 0, 8, 3796.50, 4573035, 2350
1138, 2, 101, 517, 375, 0, 31.24%, 0, 0, 8, 3750.50, 4592058, 2350
1144, 2, 23, 517, 375, 0, 31.24%, 0, 0, 8, 3890.86, 4611835, 2350
1145, 2, 23, 517, 375, 0, 31.24%, 0, 0, 8, 3859.14, 4619052, 2350
