# relative_time, cycles_done, cur_item, corpus_count, pending_total, pending_favs, map_size, saved_crashes, saved_hangs, max_depth, execs_per_sec, total_execs, edges_found
60, 0, 378, 418, 358, 45, 29.64%, 0, 0, 7, 9332.49, 696888, 2230
65, 0, 309, 432, 369, 45, 30.16%, 0, 0, 7, 12303.89, 763242, 2269
71, 0, 331, 436, 370, 47, 30.21%, 0, 0, 7, 10729.13, 814858, 2273
76, 0, 427, 451, 381, 44, 30.35%, 0, 0, 7, 12492.52, 880786, 2283
81, 0, 213, 455, 380, 42, 30.35%, 0, 0, 7, 10583.67, 931352, 2283
86, 0, 329, 461, 379, 36, 30.36%, 0, 0, 7, 10361.92, 983047, 2284
91, 0, 408, 465, 374, 28, 30.39%, 0, 0, 8, 10311.58, 1033825, 2286
90, 0, 408, 465, 374, 28, 30.39%, 0, 0, 8, 0.00, 1037463, 2286
95, 0, 37, 472, 374, 23, 30.40%, 0, 0, 8, 10373.73, 1090053, 2287
100, 0, 410, 476, 375, 22, 30.40%, 0, 0, 8, 10921.76, 1143194, 2287
105, 0, 268, 479, 375, 19, 30.40%, 0, 0, 8, 10591.81, 1197505, 2287
110, 0, 341, 482, 371, 12, 30.40%, 0, 0, 8, 10321.28, 1250417, 2287
115, 0, 435, 488, 373, 10, 30.41%, 0, 0, 8, 10138.11, 1302268, 2288
120, 0, 119, 489, 366, 6, 30.48%, 0, 0, 8, 10058.63, 1354799, 2293
125, 0, 337, 494, 364, 1, 30.59%, 0, 0, 8, 10473.95, 1423019, 2301
131, 0, 327, 494, 363, 0, 30.59%, 0, 0, 8, 10065.18, 1473963, 2301
136, 0, 338, 494, 363, 0, 30.59%, 0, 0, 8, 10322.44, 1525740, 2301
141, 0, 490, 495, 363, 0, 30.59%, 0, 0, 8, 10291.36, 1578537, 2301
146, 0, 230, 495, 362, 0, 30.59%, 0, 0, 8, 10218.24, 1631427, 2301
151, 0, 433, 497, 364, 0, 30.59%, 0, 0, 8, 10360.31, 1683892, 2301
156, 0, 384, 498, 365, 0, 30.59%, 0, 0, 8, 10036.62, 1749639, 2301
161, 0, 234, 500, 367, 0, 30.59%, 0, 0, 8, 10161.32, 1801221, 2301
166, 0, 209, 502, 369, 0, 30.59%, 0, 0, 8, 10212.33, 1853004, 2301
171, 0, 185, 505, 372, 0, 30.59%, 0, 0, 8, 10172.09, 1904037, 2301
176, 0, 288, 505, 371, 0, 30.59%, 0, 0, 8, 10322.32, 1958216, 2301
181, 0, 330, 506, 372, 0, 30.59%, 0, 0, 8, 10264.71, 2009982, 2301
187, 0, 125, 508, 374, 0, 30.59%, 0, 0, 8, 9894.21, 2076249, 2301
192, 0, 125, 509, 374, 0, 30.59%, 0, 0, 8, 10384.21, 2131200, 2301
197, 0, 335, 509, 374, 0, 30.59%, 0, 0, 8, 10301.79, 2182940, 2301
202, 0, 397, 509, 374, 0, 30.59%, 0, 0, 8, 10375.56, 2234928, 2301
207, 0, 220, 509, 374, 0, 30.59%, 0, 0, 8, 10160.51, 2287239, 2301
212, 0, 217, 511, 375, 0, 30.59%, 0, 0, 8, 9931.37, 2337357, 2301
217, 0, 225, 511, 375, 0, 30.59%, 0, 0, 8, 9857.92, 2402763, 2301
222, 0, 332, 513, 377, 0, 30.59%, 0, 0, 8, 10195.83, 2454486, 2301
227, 0, 263, 514, 378, 0, 30.59%, 0, 0, 8, 9889.40, 2504273, 2301
233, 0, 124, 514, 377, 0, 30.59%, 0, 0, 8, 9765.27, 2553472, 2301
238, 0, 185, 514, 377, 0, 30.59%, 0, 0, 8, 10072.54, 2603671, 2301
243, 0, 439, 514, 377, 0, 30.59%, 0, 0, 8, 9930.76, 2653410, 2301
248, 0, 327, 514, 377, 0, 30.59%, 0, 0, 8, 10426.13, 2720669, 2301
253, 0, 232, 514, 377, 0, 30.59%, 0, 0, 8, 10215.40, 2774231, 2301
258, 0, 407, 515, 378, 0, 30.59%, 0, 0, 8, 10282.56, 2825872, 2301
263, 0, 125, 517, 380, 0, 30.59%, 0, 0, 8, 10374.63, 2878084, 2301
268, 0, 363, 521, 384, 0, 30.59%, 0, 0, 8, 10266.32, 2928519, 2301
273, 0, 106, 523, 386, 0, 30.59%, 0, 0, 8, 10215.78, 2981484, 2301
278, 0, 225, 523, 386, 0, 30.59%, 0, 0, 8, 9398.59, 3045635, 2301
283, 0, 77, 525, 388, 0, 30.59%, 0, 0, 8, 10222.40, 3098964, 2301
288, 0, 365, 526, 389, 0, 30.59%, 0, 0, 8, 9871.49, 3148299, 2301
294, 0, 1, 527, 390, 0, 30.59%, 0, 0, 8, 9799.58, 3196575, 2301
299, 0, 197, 528, 390, 0, 30.59%, 0, 0, 8, 10000.51, 3248916, 2301
304, 0, 125, 528, 390, 0, 30.59%, 0, 0, 8, 9918.76, 3299326, 2301
309, 0, 407, 531, 393, 0, 30.59%, 0, 0, 8, 10172.06, 3360735, 2301
314, 0, 125, 533, 395, 0, 30.59%, 0, 0, 8, 9939.67, 3411471, 2301
319, 1, 223, 533, 395, 0, 30.59%, 0, 0, 8, 10152.44, 3461883, 2301
324, 1, 205, 534, 396, 0, 30.59%, 0, 0, 8, 10421.80, 3514372, 2301
329, 1, 426, 537, 399, 1, 30.60%, 0, 0, 8, 10196.30, 3566005, 2302
334, 1, 185, 537, 399, 1, 30.60%, 0, 0, 8, 10328.50, 3618898, 2302
339, 1, 341, 538, 396, 0, 30.61%, 0, 0, 8, 10776.02, 3685657, 2303
344, 1, 225, 538, 396, 0, 30.61%, 0, 0, 8, 10455.82, 3737648, 2303
350, 1, 384, 540, 398, 0, 30.61%, 0, 0, 8, 9691.46, 3788337, 2303
355, 1, 450, 542, 400, 0, 30.61%, 0, 0, 8, 9515.16, 3835385, 2303
360, 1, 76, 544, 402, 0, 30.61%, 0, 0, 8, 9404.58, 3882728, 2303
365, 1, 232, 545, 402, 0, 30.61%, 0, 0, 8, 9801.61, 3934838, 2303
370, 1, 332, 545, 402, 0, 30.61%, 0, 0, 8, 10139.32, 4002308, 2303
375, 1, 439, 545, 401, 0, 30.61%, 0, 0, 8, 10177.51, 4053483, 2303
380, 1, 490, 547, 403, 0, 30.61%, 0, 0, 8, 10184.88, 4106253, 2303
385, 1, 439, 548, 404, 0, 30.61%, 0, 0, 8, 10251.10, 4158332, 2303
390, 1, 125, 548, 404, 0, 30.61%, 0, 0, 8, 10276.65, 4209869, 2303
395, 1, 1, 549, 405, 0, 30.61%, 0, 0, 8, 10059.37, 4261074, 2303
400, 1, 128, 550, 405, 0, 30.61%, 0, 0, 8, 10230.26, 4327678, 2303
405, 1, 482, 550, 405, 0, 30.61%, 0, 0, 8, 9642.37, 4375314, 2303
410, 1, 125, 551, 406, 0, 30.61%, 0, 0, 8, 9306.61, 4420260, 2303
415, 1, 223, 552, 407, 0, 30.61%, 0, 0, 8, 9406.27, 4466700, 2303
421, 1, 125, 552, 407, 0, 30.61%, 0, 0, 8, 9834.07, 4518464, 2303
426, 1, 384, 552, 406, 0, 30.61%, 0, 0, 8, 9591.61, 4566025, 2303
431, 1, 270, 552, 406, 0, 30.61%, 0, 0, 8, 9781.96, 4615838, 2303
430, 1, 125, 552, 406, 0, 30.61%, 0, 0, 8, 0.00, 4618501, 2303
435, 1, 482, 554, 408, 0, 30.61%, 0, 0, 8, 11044.89, 4668536, 2303
440, 1, 553, 555, 409, 1, 30.61%, 0, 0, 8, 10289.83, 4720292, 2303
445, 1, 408, 555, 408, 0, 30.61%, 0, 0, 8, 10046.29, 4770064, 2303
450, 1, 120, 557, 410, 0, 30.61%, 0, 0, 8, 9972.04, 4820200, 2303
455, 1, 254, 558, 410, 0, 30.61%, 0, 0, 8, 10249.48, 4873388, 2303
460, 1, 510, 558, 410, 0, 30.61%, 0, 0, 8, 10162.98, 4924461, 2303
465, 1, 263, 559, 410, 0, 30.61%, 0, 0, 8, 10086.27, 4990349, 2303
470, 1, 230, 559, 410, 0, 30.61%, 0, 0, 8, 9523.53, 5037608, 2303
475, 1, 128, 559, 410, 0, 30.61%, 0, 0, 8, 9749.90, 5088200, 2303
481, 1, 76, 559, 410, 0, 30.61%, 0, 0, 8, 9687.62, 5136012, 2303
486, 1, 185, 561, 412, 0, 30.61%, 0, 0, 8, 9674.50, 5186927, 2303
491, 1, 537, 561, 412, 0, 30.61%, 0, 0, 8, 10194.59, 5239769, 2303
496, 1, 125, 562, 413, 0, 30.61%, 0, 0, 8, 9940.55, 5305017, 2303
501, 1, 125, 562, 413, 0, 30.61%, 0, 0, 8, 9654.40, 5354287, 2303
506, 1, 439, 562, 412, 0, 30.61%, 0, 0, 8, 9729.14, 5404015, 2303
511, 1, 225, 563, 412, 0, 30.61%, 0, 0, 8, 10206.15, 5457104, 2303
517, 1, 322, 565, 413, 0, 30.64%, 0, 0, 8, 9915.27, 5506746, 2305
522, 1, 322, 566, 414, 0, 30.64%, 0, 0, 8, 9775.49, 5555911, 2305
527, 1, 197, 566, 414, 0, 30.64%, 0, 0, 8, 9987.29, 5621760, 2305
532, 1, 183, 566, 414, 0, 30.64%, 0, 0, 8, 9806.92, 5673023, 2305
537, 1, 426, 566, 414, 0, 30.64%, 0, 0, 8, 9948.41, 5725387, 2305
542, 1, 125, 566, 414, 0, 30.64%, 0, 0, 8, 10008.07, 5775663, 2305
547, 1, 225, 567, 415, 0, 30.64%, 0, 0, 8, 9797.18, 5823699, 2305
552, 1, 232, 567, 415, 0, 30.64%, 0, 0, 8, 10180.42, 5877517, 2305
557, 1, 223, 568, 415, 0, 30.64%, 0, 0, 8, 10249.59, 5944628, 2305
563, 1, 183, 568, 415, 0, 30.64%, 0, 0, 8, 9925.93, 5995969, 2305
568, 1, 425, 569, 416, 0, 30.64%, 0, 0, 8, 9900.29, 6045789, 2305
573, 1, 384, 569, 416, 0, 30.64%, 0, 0, 8, 10185.49, 6097305, 2305
578, 1, 490, 569, 416, 0, 30.64%, 0, 0, 8, 10151.24, 6149637, 2305
583, 1, 426, 570, 417, 0, 30.64%, 0, 0, 8, 9911.82, 6199477, 2305
588, 1, 384, 570, 415, 0, 30.64%, 0, 0, 8, 10333.02, 6262833, 2305
593, 1, 125, 570, 415, 0, 30.64%, 0, 0, 8, 10322.62, 6313419, 2305
598, 1, 223, 571, 416, 0, 30.64%, 0, 0, 8, 10060.43, 6363458, 2305
603, 1, 118, 572, 417, 0, 30.64%, 0, 0, 8, 10520.02, 6417879, 2305
608, 1, 430, 572, 417, 0, 30.64%, 0, 0, 8, 10358.56, 6468971, 2305
613, 2, 118, 572, 416, 0, 30.64%, 0, 0, 8, 10247.56, 6520242, 2305
618, 2, 576, 580, 424, 1, 30.64%, 0, 0, 8, 10092.34, 6593819, 2305
623, 2, 220, 584, 427, 0, 30.64%, 0, 0, 8, 9892.89, 6643749, 2305
629, 2, 426, 584, 426, 0, 30.64%, 0, 0, 8, 9737.79, 6695132, 2305
634, 2, 223, 585, 427, 0, 30.64%, 0, 0, 8, 9998.77, 6746289, 2305
639, 2, 125, 585, 426, 0, 30.64%, 0, 0, 8, 10120.68, 6797524, 2305
644, 2, 336, 586, 426, 0, 30.64%, 0, 0, 8, 10042.29, 6847763, 2305
649, 2, 120, 589, 429, 0, 30.64%, 0, 0, 8, 11206.62, 6911508, 2305
654, 2, 125, 589, 429, 0, 30.64%, 0, 0, 8, 10049.37, 6959846, 2305
659, 2, 482, 589, 429, 0, 30.64%, 0, 0, 8, 9930.69, 7010893, 2305
664, 2, 363, 590, 430, 0, 30.64%, 0, 0, 8, 10073.10, 7062190, 2305
669, 2, 225, 590, 430, 0, 30.64%, 0, 0, 8, 10108.43, 7114932, 2305
674, 2, 77, 590, 430, 0, 30.64%, 0, 0, 8, 9527.46, 7161371, 2305
679, 2, 433, 591, 431, 0, 30.64%, 0, 0, 8, 10500.72, 7226486, 2305
685, 2, 125, 591, 431, 0, 30.64%, 0, 0, 8, 9954.61, 7277477, 2305
690, 2, 77, 591, 431, 0, 30.64%, 0, 0, 8, 9508.13, 7327496, 2305
695, 2, 203, 593, 433, 0, 30.64%, 0, 0, 8, 9666.82, 7376718, 2305
700, 2, 384, 595, 435, 0, 30.64%, 0, 0, 8, 9951.58, 7427132, 2305
705, 2, 283, 595, 435, 0, 30.64%, 0, 0, 8, 9263.79, 7473043, 2305
710, 2, 407, 598, 437, 0, 30.64%, 0, 0, 8, 8954.82, 7539351, 2305
715, 2, 327, 598, 436, 0, 30.64%, 0, 0, 8, 9768.37, 7591168, 2305
720, 2, 125, 598, 436, 0, 30.64%, 0, 0, 8, 9807.98, 7642342, 2305
725, 2, 107, 600, 438, 0, 30.64%, 0, 0, 8, 10065.61, 7691614, 2305
730, 2, 89, 601, 439, 0, 30.64%, 0, 0, 8, 10147.13, 7742234, 2305
735, 2, 363, 602, 439, 0, 30.64%, 0, 0, 8, 10068.57, 7792421, 2305
740, 2, 327, 602, 439, 0, 30.64%, 0, 0, 8, 10006.88, 7842761, 2305
739, 2, 327, 602, 439, 0, 30.64%, 0, 0, 8, 0.00, 7842852, 2305
744, 2, 125, 602, 439, 0, 30.64%, 0, 0, 8, 9977.46, 7895343, 2305
749, 2, 77, 602, 439, 0, 30.64%, 0, 0, 8, 9616.66, 7944404, 2305
754, 2, 185, 602, 438, 0, 30.64%, 0, 0, 8, 10097.83, 7995380, 2305
760, 2, 327, 602, 438, 0, 30.64%, 0, 0, 8, 9846.33, 8045831, 2305
765, 2, 297, 602, 438, 0, 30.64%, 0, 0, 8, 9894.56, 8097920, 2305
770, 2, 603, 606, 441, 1, 30.64%, 0, 0, 8, 9324.22, 8147233, 2305
770, 2, 410, 606, 440, 0, 30.64%, 0, 0, 8, 0.00, 8159793, 2305
775, 2, 185, 607, 441, 0, 30.64%, 0, 0, 8, 9579.57, 8211649, 2305
780, 2, 439, 607, 440, 0, 30.64%, 0, 0, 8, 8875.03, 8261901, 2305
785, 2, 202, 608, 441, 0, 30.64%, 0, 0, 8, 9687.41, 8312570, 2305
791, 2, 426, 608, 441, 0, 30.64%, 0, 0, 8, 10168.36, 8365403, 2305
796, 2, 263, 608, 440, 0, 30.64%, 0, 0, 8, 9877.44, 8415485, 2305
801, 2, 197, 609, 441, 0, 30.64%, 0, 0, 8, 10097.99, 8466496, 2305
806, 2, 64, 610, 441, 0, 30.64%, 0, 0, 8, 9986.32, 8532883, 2305
811, 2, 232, 611, 441, 0, 30.64%, 0, 0, 8, 10000.42, 8583233, 2305
816, 2, 547, 611, 441, 0, 30.64%, 0, 0, 8, 9794.15, 8633955, 2305
821, 2, 272, 612, 441, 0, 30.64%, 0, 0, 8, 10231.03, 8687517, 2305
826, 2, 89, 614, 443, 0, 30.64%, 0, 0, 8, 10249.06, 8738739, 2305
831, 2, 482, 615, 444, 0, 30.64%, 0, 0, 8, 9346.40, 8786961, 2305
836, 2, 410, 616, 445, 0, 30.64%, 0, 0, 8, 10197.86, 8851868, 2305
842, 2, 185, 616, 445, 0, 30.64%, 0, 0, 8, 6803.43, 8892957, 2305
847, 2, 223, 616, 445, 0, 30.64%, 0, 0, 8, 9464.48, 8943643, 2305
852, 2, 384, 617, 446, 0, 30.64%, 0, 0, 8, 9532.99, 8992228, 2305
857, 2, 363, 617, 446, 0, 30.64%, 0, 0, 8, 9730.98, 9041827, 2305
862, 2, 426, 618, 447, 0, 30.64%, 0, 0, 8, 9033.78, 9085401, 2305
867, 2, 510, 618, 447, 0, 30.64%, 0, 0, 8, 8467.95, 9140205, 2305
870, 2, 184, 618, 446, 0, 30.64%, 0, 0, 8, 9126.37, 9168518, 2305
