# relative_time, cycles_done, cur_item, corpus_count, pending_total, pending_favs, map_size, saved_crashes, saved_hangs, max_depth, execs_per_sec, total_execs, edges_found
60, 3, 371, 375, 232, 1, 30.39%, 0, 0, 7, 4428.07, 281237, 2286
65, 4, 1, 388, 241, 0, 30.39%, 0, 0, 7, 4315.69, 302750, 2286
71, 5, 9, 395, 240, 0, 30.39%, 0, 0, 7, 4354.36, 325587, 2286
76, 5, 322, 396, 234, 1, 30.39%, 0, 0, 7, 4327.51, 354178, 2286
81, 5, 398, 407, 242, 0, 30.91%, 0, 0, 7, 4379.98, 376197, 2325
86, 5, 398, 409, 244, 0, 30.91%, 0, 0, 7, 4477.54, 398843, 2325
91, 5, 403, 412, 245, 2, 31.20%, 0, 0, 7, 4526.78, 421888, 2347
96, 5, 412, 415, 245, 0, 31.20%, 0, 0, 8, 4565.37, 445803, 2347
101, 5, 415, 418, 246, 0, 31.20%, 0, 0, 10, 4561.97, 468768, 2347
106, 6, 423, 429, 255, 1, 31.21%, 0, 0, 10, 4506.98, 498119, 2348
111, 6, 423, 429, 255, 1, 31.21%, 0, 0, 10, 4055.77, 519244, 2348
116, 7, 26, 431, 253, 0, 31.21%, 0, 0, 10, 3716.11, 537477, 2348
121, 7, 51, 433, 250, 0, 31.21%, 0, 0, 10, 4248.56, 559140, 2348
127, 7, 92, 433, 243, 0, 31.21%, 0, 0, 10, 4503.20, 582714, 2348
132, 7, 158, 433, 238, 0, 31.21%, 0, 0, 10, 4582.49, 606290, 2348
137, 7, 211, 436, 232, 0, 31.21%, 0, 0, 10, 4468.60, 635707, 2348
142, 7, 252, 439, 231, 0, 31.21%, 0, 0, 10, 4386.87, 658470, 2348
147, 7, 299, 440, 228, 0, 31.21%, 0, 0, 10, 4245.73, 679471, 2348
152, 7, 339, 443, 223, 0, 31.21%, 0, 0, 10, 3994.40, 700321, 2348
157, 7, 408, 446, 219, 1, 31.24%, 0, 0, 10, 4348.87, 723382, 2350
163, 8, 454, 463, 231, 2, 31.24%, 0, 0, 10, 4205.96, 745554, 2350
168, 9, 26, 468, 232, 0, 31.24%, 0, 0, 10, 4477.66, 774679, 2350
173, 9, 54, 468, 230, 0, 31.24%, 0, 0, 10, 4557.93, 797566, 2350
178, 9, 127, 469, 226, 0, 31.24%, 0, 0, 10, 4577.68, 821088, 2350
183, 9, 192, 470, 224, 0, 31.24%, 0, 0, 10, 4560.75, 844673, 2350
188, 9, 247, 473, 216, 0, 31.24%, 0, 0, 10, 4475.51, 866619, 2350
193, 9, 305, 473, 212, 0, 31.24%, 0, 0, 10, 4557.57, 890440, 2350
198, 9, 380, 475, 204, 0, 31.24%, 0, 0, 10, 4528.24, 919599, 2350
203, 9, 401, 477, 201, 0, 31.24%, 0, 0, 10, 4518.17, 942153, 2350
208, 9, 416, 480, 202, 0, 31.24%, 0, 0, 10, 4518.11, 964993, 2350
213, 9, 430, 480, 198, 0, 31.24%, 0, 0, 10, 4482.40, 987555, 2350
218, 9, 437, 484, 199, 0, 31.24%, 0, 0, 10, 4269.82, 1008640, 2350
223, 9, 450, 484, 194, 0, 31.24%, 0, 0, 10, 4420.01, 1031477, 2350
229, 9, 464, 486, 192, 0, 31.24%, 0, 0, 10, 4302.78, 1058991, 2350
234, 9, 481, 486, 188, 0, 31.24%, 0, 0, 10, 4408.65, 1081234, 2350
239, 10, 13, 492, 192, 0, 31.24%, 0, 0, 10, 4349.31, 1103732, 2350
244, 10, 54, 492, 189, 0, 31.24%, 0, 0, 10, 4490.55, 1127030, 2350
249, 10, 123, 492, 182, 0, 31.24%, 0, 0, 10, 4547.62, 1150648, 2350
254, 10, 200, 493, 178, 0, 31.24%, 0, 0, 10, 4449.34, 1174089, 2350
259, 10, 257, 494, 176, 0, 31.24%, 0, 0, 10, 4467.84, 1202457, 2350
265, 10, 327, 496, 176, 0, 31.24%, 0, 0, 10, 4594.84, 1226284, 2350
270, 10, 386, 497, 171, 0, 31.24%, 0, 0, 10, 4488.36, 1248740, 2350
275, 10, 417, 498, 170, 0, 31.24%, 0, 0, 10, 4484.29, 1272199, 2350
280, 10, 442, 499, 165, 0, 31.24%, 0, 0, 10, 4460.88, 1294402, 2350
285, 10, 454, 499, 162, 0, 31.24%, 0, 0, 10, 4124.97, 1315379, 2350
290, 11, 13, 504, 164, 0, 31.24%, 0, 0, 10, 4451.30, 1344745, 2350
295, 11, 49, 505, 161, 0, 31.24%, 0, 0, 10, 4498.98, 1367214, 2350
300, 11, 96, 505, 160, 0, 31.24%, 0, 0, 10, 4527.76, 1390625, 2350
305, 11, 186, 505, 154, 0, 31.24%, 0, 0, 10, 4558.70, 1413935, 2350
310, 11, 265, 507, 148, 0, 31.24%, 0, 0, 10, 4576.74, 1437442, 2350
316, 11, 337, 507, 141, 0, 31.24%, 0, 0, 10, 4583.30, 1461112, 2350
321, 11, 390, 508, 136, 0, 31.24%, 0, 0, 10, 4344.46, 1490709, 2350
326, 11, 454, 508, 133, 0, 31.24%, 0, 0, 10, 4316.52, 1513212, 2350
331, 11, 476, 509, 132, 0, 31.24%, 0, 0, 10, 4252.53, 1534091, 2350
336, 12, 13, 513, 131, 0, 31.24%, 0, 0, 10, 4446.79, 1557551, 2350
341, 12, 54, 513, 128, 0, 31.24%, 0, 0, 10, 4511.34, 1580962, 2350
347, 12, 143, 513, 126, 0, 31.24%, 0, 0, 10, 4573.44, 1604344, 2350
352, 12, 246, 513, 119, 0, 31.24%, 0, 0, 10, 4560.85, 1633434, 2350
357, 12, 297, 513, 114, 0, 31.24%, 0, 0, 10, 4584.46, 1657150, 2350
362, 12, 401, 513, 109, 0, 31.24%, 0, 0, 10, 4530.27, 1680427, 2350
367, 12, 463, 514, 108, 0, 31.24%, 0, 0, 10, 4463.99, 1703441, 2350
372, 12, 499, 515, 103, 0, 31.24%, 0, 0, 10, 4511.19, 1726930, 2350
377, 13, 13, 516, 102, 0, 31.24%, 0, 0, 10, 4297.39, 1748180, 2350
382, 13, 54, 516, 102, 0, 31.24%, 0, 0, 10, 4564.91, 1778028, 2350
388, 13, 127, 516, 101, 0, 31.24%, 0, 0, 10, 4581.90, 1801556, 2350
393, 13, 235, 517, 99, 0, 31.24%, 0, 0, 10, 4503.62, 1824531, 2350
398, 13, 291, 518, 96, 0, 31.24%, 0, 0, 10, 4581.86, 1848240, 2350
403, 13, 358, 518, 92, 0, 31.24%, 0, 0, 10, 4558.30, 1871785, 2350
408, 13, 378, 519, 91, 0, 31.24%, 0, 0, 10, 4417.95, 1893775, 2350
413, 13, 413, 520, 87, 0, 31.24%, 0, 0, 10, 4526.41, 1922713, 2350
418, 13, 454, 521, 85, 0, 31.24%, 0, 0, 10, 4345.00, 1945390, 2350
424, 13, 501, 521, 80, 0, 31.24%, 0, 0, 10, 4427.42, 1967814, 2350
429, 14, 13, 526, 82, 0, 31.24%, 0, 0, 10, 4387.88, 1989887, 2350
434, 14, 44, 526, 80, 0, 31.24%, 0, 0, 10, 4419.40, 2011962, 2350
439, 14, 91, 526, 78, 0, 31.24%, 0, 0, 10, 4561.19, 2035780, 2350
444, 14, 195, 528, 76, 0, 31.24%, 0, 0, 10, 4403.19, 2065104, 2350
449, 14, 264, 528, 76, 0, 31.24%, 0, 0, 10, 4440.05, 2087792, 2350
454, 14, 372, 528, 73, 0, 31.24%, 0, 0, 10, 4493.50, 2111022, 2350
459, 14, 405, 529, 74, 0, 31.24%, 0, 0, 10, 4462.95, 2134086, 2350
465, 14, 449, 529, 71, 0, 31.24%, 0, 0, 10, 4275.71, 2156252, 2350
470, 14, 470, 530, 72, 0, 31.24%, 0, 0, 10, 4075.23, 2176195, 2350
475, 14, 511, 530, 69, 0, 31.24%, 0, 0, 10, 4414.70, 2205023, 2350
480, 14, 518, 532, 68, 0, 31.24%, 0, 0, 10, 4085.45, 2225192, 2350
485, 15, 13, 535, 68, 0, 31.24%, 0, 0, 10, 4303.21, 2246759, 2350
490, 15, 54, 535, 67, 0, 31.24%, 0, 0, 10, 4491.88, 2269424, 2350
495, 15, 116, 535, 67, 0, 31.24%, 0, 0, 10, 4563.97, 2293115, 2350
500, 15, 216, 535, 65, 0, 31.24%, 0, 0, 10, 4510.77, 2316611, 2350
505, 15, 350, 535, 63, 0, 31.24%, 0, 0, 10, 4684.71, 2346490, 2350
510, 15, 410, 535, 61, 0, 31.24%, 0, 0, 10, 4500.87, 2368882, 2350
515, 15, 477, 536, 59, 0, 31.24%, 0, 0, 10, 4374.50, 2391644, 2350
520, 15, 477, 537, 60, 0, 31.24%, 0, 0, 10, 4394.35, 2413837, 2350
525, 16, 5, 537, 59, 0, 31.24%, 0, 0, 10, 4449.39, 2436240, 2350
531, 16, 44, 537, 58, 0, 31.24%, 0, 0, 10, 4422.53, 2458806, 2350
536, 16, 88, 537, 57, 0, 31.24%, 0, 0, 10, 4397.57, 2488350, 2350
541, 16, 186, 537, 57, 0, 31.24%, 0, 0, 10, 4547.86, 2511841, 2350
546, 16, 257, 537, 54, 0, 31.24%, 0, 0, 10, 4485.03, 2534638, 2350
551, 16, 372, 537, 54, 0, 31.24%, 0, 0, 10, 4535.74, 2558370, 2350
556, 16, 438, 537, 53, 0, 31.24%, 0, 0, 10, 4394.98, 2581000, 2350
561, 16, 482, 537, 52, 0, 31.24%, 0, 0, 10, 4314.46, 2602590, 2350
566, 16, 512, 538, 49, 0, 31.24%, 0, 0, 10, 4562.77, 2631456, 2350
571, 17, 44, 541, 50, 0, 31.24%, 0, 0, 10, 4466.61, 2653691, 2350
577, 17, 82, 541, 50, 0, 31.24%, 0, 0, 10, 4592.18, 2677653, 2350
582, 17, 170, 541, 50, 0, 31.24%, 0, 0, 10, 4582.25, 2701225, 2350
587, 17, 264, 541, 49, 0, 31.24%, 0, 0, 10, 4574.39, 2724847, 2350
592, 17, 360, 541, 49, 0, 31.24%, 0, 0, 10, 4592.30, 2748776, 2350
597, 17, 459, 541, 49, 0, 31.24%, 0, 0, 10, 4446.20, 2777021, 2350
602, 17, 517, 544, 48, 0, 31.24%, 0, 0, 10, 4373.62, 2799514, 2350
607, 17, 517, 547, 51, 0, 31.24%, 0, 0, 10, 4416.09, 2821802, 2350
612, 17, 532, 551, 53, 0, 31.24%, 0, 0, 10, 4346.16, 2843550, 2350
618, 17, 536, 556, 55, 0, 31.24%, 0, 0, 10, 4230.32, 2864246, 2350
623, 17, 536, 556, 55, 0, 31.24%, 0, 0, 10, 4295.84, 2886037, 2350
628, 17, 541, 558, 56, 0, 31.24%, 0, 0, 10, 4529.53, 2915785, 2350
633, 17, 553, 562, 55, 0, 31.24%, 0, 0, 10, 4316.36, 2937273, 2350
638, 18, 44, 570, 60, 0, 31.24%, 0, 0, 10, 4239.89, 2958165, 2350
643, 18, 80, 570, 59, 0, 31.24%, 0, 0, 10, 4447.90, 2980779, 2350
648, 18, 180, 570, 59, 0, 31.24%, 0, 0, 10, 4560.57, 3004108, 2350
653, 18, 201, 576, 65, 0, 31.24%, 0, 0, 10, 3986.22, 3023918, 2350
658, 18, 259, 576, 65, 0, 31.24%, 0, 0, 10, 4300.97, 3046052, 2350
657, 18, 262, 576, 65, 0, 31.24%, 0, 0, 10, 0.00, 3047509, 2350
662, 18, 343, 576, 63, 0, 31.24%, 0, 0, 10, 4531.97, 3070980, 2350
667, 18, 423, 577, 63, 0, 31.24%, 0, 0, 10, 4512.43, 3094251, 2350
672, 18, 509, 580, 63, 0, 31.24%, 0, 0, 10, 4453.02, 3116145, 2350
678, 18, 536, 582, 63, 0, 31.24%, 0, 0, 10, 4477.77, 3139330, 2350
683, 18, 536, 583, 64, 0, 31.24%, 0, 0, 10, 4511.83, 3162074, 2350
688, 18, 559, 587, 67, 0, 31.24%, 0, 0, 10, 4133.71, 3183101, 2350
693, 18, 571, 591, 69, 0, 31.24%, 0, 0, 10, 3521.80, 3205725, 2350
698, 18, 590, 598, 75, 0, 31.24%, 0, 0, 10, 3399.33, 3223019, 2350
703, 18, 590, 601, 78, 0, 31.24%, 0, 0, 10, 3380.64, 3239979, 2350
708, 18, 596, 606, 82, 0, 31.24%, 0, 0, 10, 2972.74, 3255328, 2350
713, 18, 596, 607, 83, 0, 31.24%, 0, 0, 10, 2764.99, 3269046, 2350
718, 18, 601, 608, 83, 0, 31.24%, 0, 0, 10, 2848.58, 3283541, 2350
723, 19, 610, 615, 87, 1, 31.24%, 0, 0, 10, 3968.28, 3306595, 2350
728, 20, 34, 619, 89, 0, 31.24%, 0, 0, 10, 4364.94, 3329700, 2350
733, 20, 55, 622, 92, 0, 31.24%, 0, 0, 10, 4487.58, 3352125, 2350
738, 20, 173, 622, 92, 0, 31.24%, 0, 0, 10, 4506.87, 3375585, 2350
744, 20, 256, 623, 93, 0, 31.24%, 0, 0, 10, 4364.35, 3397779, 2350
749, 20, 339, 623, 92, 0, 31.24%, 0, 0, 10, 4431.18, 3421001, 2350
754, 20, 436, 624, 91, 0, 31.24%, 0, 0, 10, 4457.07, 3449886, 2350
759, 20, 515, 626, 91, 0, 31.24%, 0, 0, 10, 4142.04, 3471090, 2350
764, 20, 530, 627, 90, 0, 31.24%, 0, 0, 10, 4373.48, 3493733, 2350
769, 20, 536, 627, 88, 0, 31.24%, 0, 0, 10, 4391.20, 3516510, 2350
774, 20, 558, 629, 87, 0, 31.24%, 0, 0, 10, 4379.56, 3538641, 2350
780, 20, 591, 629, 83, 0, 31.24%, 0, 0, 10, 3918.79, 3557944, 2350
785, 20, 608, 634, 85, 0, 31.24%, 0, 0, 10, 2657.28, 3578979, 2350
790, 20, 609, 637, 87, 0, 31.24%, 0, 0, 10, 2954.26, 3592906, 2350
795, 20, 617, 639, 85, 0, 31.24%, 0, 0, 10, 3863.29, 3614871, 2350
800, 20, 632, 643, 86, 0, 31.24%, 0, 0, 10, 2816.50, 3629072, 2350
805, 20, 632, 644, 87, 0, 31.24%, 0, 0, 10, 2171.13, 3639207, 2350
810, 20, 634, 646, 88, 0, 31.24%, 0, 0, 10, 2690.64, 3652073, 2350
815, 20, 635, 649, 90, 0, 31.24%, 0, 0, 10, 4522.69, 3681575, 2350
820, 20, 638, 653, 92, 0, 31.24%, 0, 0, 10, 3870.17, 3701539, 2350
825, 20, 639, 655, 93, 0, 31.24%, 0, 0, 10, 3676.64, 3718987, 2350
831, 20, 648, 656, 91, 0, 31.24%, 0, 0, 10, 4049.12, 3738867, 2350
836, 20, 651, 659, 92, 0, 31.24%, 0, 0, 10, 3572.70, 3757331, 2350
841, 20, 653, 659, 91, 0, 31.24%, 0, 0, 10, 3471.06, 3773968, 2350
846, 21, 8, 664, 93, 0, 31.24%, 0, 0, 10, 3443.59, 3799000, 2350
851, 21, 51, 664, 93, 0, 31.24%, 0, 0, 10, 4270.02, 3821879, 2350
856, 21, 114, 665, 94, 0, 31.24%, 0, 0, 10, 4293.01, 3843659, 2350
861, 21, 206, 665, 94, 0, 31.24%, 0, 0, 10, 4357.83, 3866554, 2350
866, 21, 272, 665, 94, 0, 31.24%, 0, 0, 10, 4443.27, 3888979, 2350
871, 21, 386, 665, 93, 0, 31.24%, 0, 0, 10, 4380.88, 3911718, 2350
876, 21, 490, 666, 94, 0, 31.24%, 0, 0, 10, 4158.07, 3939302, 2350
881, 21, 536, 666, 94, 0, 31.24%, 0, 0, 10, 4363.55, 3961498, 2350
887, 21, 583, 668, 91, 0, 31.24%, 0, 0, 10, 4264.08, 3983331, 2350
892, 21, 604, 668, 89, 0, 31.24%, 0, 0, 10, 4068.30, 4004610, 2350
897, 21, 636, 668, 86, 0, 31.24%, 0, 0, 10, 4155.57, 4025485, 2350
902, 21, 640, 671, 88, 0, 31.24%, 0, 0, 10, 2323.35, 4034723, 2350
907, 22, 1, 677, 91, 0, 31.24%, 0, 0, 10, 3655.02, 4055341, 2350
912, 22, 84, 678, 92, 0, 31.24%, 0, 0, 10, 4359.57, 4078820, 2350
917, 22, 216, 678, 92, 0, 31.24%, 0, 0, 10, 4533.52, 4102282, 2350
923, 22, 313, 678, 91, 0, 31.24%, 0, 0, 10, 4582.95, 4125915, 2350
928, 22, 438, 678, 90, 0, 31.24%, 0, 0, 10, 4373.39, 4148846, 2350
933, 22, 454, 678, 89, 0, 31.24%, 0, 0, 10, 4174.62, 4169511, 2350
938, 22, 466, 678, 89, 0, 31.24%, 0, 0, 10, 4464.17, 4198249, 2350
943, 22, 530, 679, 88, 0, 31.24%, 0, 0, 10, 4134.76, 4219011, 2350
948, 22, 536, 680, 89, 0, 31.24%, 0, 0, 10, 4334.63, 4240797, 2350
953, 22, 545, 680, 88, 0, 31.24%, 0, 0, 10, 4365.74, 4262985, 2350
958, 22, 585, 681, 86, 0, 31.24%, 0, 0, 10, 4037.72, 4283777, 2350
963, 22, 618, 682, 84, 0, 31.24%, 0, 0, 10, 4003.71, 4303032, 2350
968, 22, 645, 684, 82, 0, 31.24%, 0, 0, 10, 2732.73, 4327295, 2350
973, 22, 673, 685, 81, 0, 31.24%, 0, 0, 10, 3737.96, 4347966, 2350
978, 23, 1, 688, 79, 0, 31.24%, 0, 0, 10, 4149.24, 4368843, 2350
983, 23, 48, 688, 79, 0, 31.24%, 0, 0, 10, 4374.05, 4391104, 2350
988, 23, 92, 688, 79, 0, 31.24%, 0, 0, 10, 4492.15, 4413823, 2350
993, 23, 215, 688, 78, 0, 31.24%, 0, 0, 10, 4439.61, 4436780, 2350
999, 23, 348, 688, 78, 0, 31.24%, 0, 0, 10, 4525.17, 4466526, 2350
1004, 23, 379, 688, 77, 0, 31.24%, 0, 0, 10, 4371.87, 4488992, 2350
1009, 23, 468, 689, 78, 0, 31.24%, 0, 0, 10, 4216.27, 4510165, 2350
1014, 23, 536, 689, 76, 0, 31.24%, 0, 0, 10, 4170.62, 4531323, 2350
1019, 23, 587, 689, 75, 0, 31.24%, 0, 0, 10, 4089.13, 4551827, 2350
1024, 23, 592, 689, 73, 0, 31.24%, 0, 0, 10, 3718.01, 4570334, 2350
1029, 23, 607, 690, 72, 0, 31.24%, 0, 0, 10, 1959.85, 4585647, 2350
1034, 23, 608, 690, 72, 0, 31.24%, 0, 0, 10, 3159.79, 4604444, 2350
1039, 23, 608, 690, 72, 0, 31.24%, 0, 0, 10, 3467.54, 4620640, 2350
1044, 23, 657, 691, 72, 0, 31.24%, 0, 0, 10, 3475.74, 4639435, 2350
1049, 23, 683, 694, 71, 0, 31.24%, 0, 0, 11, 4029.42, 4659954, 2350
1054, 23, 683, 696, 73, 0, 31.24%, 0, 0, 11, 3542.59, 4677204, 2350
1059, 24, 14, 697, 72, 0, 31.24%, 0, 0, 11, 4363.80, 4700538, 2350
1064, 24, 48, 698, 73, 0, 31.24%, 0, 0, 11, 4399.20, 4722619, 2350
1070, 24, 92, 698, 73, 0, 31.24%, 0, 0, 11, 4337.15, 4744408, 2350
1075, 24, 222, 698, 72, 0, 31.24%, 0, 0, 11, 4433.51, 4767385, 2350
1080, 24, 314, 698, 72, 0, 31.24%, 0, 0, 11, 4494.07, 4790684, 2350
1085, 24, 403, 698, 71, 0, 31.24%, 0, 0, 11, 4436.18, 4813464, 2350
1090, 24, 482, 698, 70, 0, 31.24%, 0, 0, 11, 4350.11, 4834917, 2350
1089, 24, 482, 698, 70, 0, 31.24%, 0, 0, 11, 0.00, 4835571, 2350
1094, 24, 536, 698, 68, 0, 31.24%, 0, 0, 11, 4684.07, 4859884, 2350
1099, 24, 573, 698, 65, 0, 31.24%, 0, 0, 11, 4674.37, 4884681, 2350
1104, 24, 582, 699, 62, 0, 31.24%, 0, 0, 11, 4753.65, 4908461, 2350
1109, 24, 647, 700, 60, 0, 31.24%, 0, 0, 11, 4714.73, 4931230, 2350
1114, 24, 647, 700, 60, 0, 31.24%, 0, 0, 11, 4839.92, 4956743, 2350
1119, 24, 666, 702, 61, 0, 31.24%, 0, 0, 11, 4881.54, 4981169, 2350
1125, 25, 6, 705, 60, 0, 31.24%, 0, 0, 11, 4161.82, 5007280, 2350
1130, 25, 49, 707, 62, 0, 31.24%, 0, 0, 11, 4669.28, 5031838, 2350
1135, 25, 86, 709, 64, 0, 31.24%, 0, 0, 11, 4803.96, 5056637, 2350
1140, 25, 206, 709, 64, 0, 31.24%, 0, 0, 11, 4935.15, 5082420, 2350
1145, 25, 317, 709, 63, 0, 31.24%, 0, 0, 11, 5056.16, 5108385, 2350
1146, 25, 338, 709, 63, 0, 31.24%, 0, 0, 11, 5061.93, 5111247, 2350
