# relative_time, cycles_done, cur_item, corpus_count, pending_total, pending_favs, map_size, saved_crashes, saved_hangs, max_depth, execs_per_sec, total_execs, edges_found
61, 10, 0, 3, 0, 0, 40.00%, 0, 0, 2, 862.86, 56118, 4
66, 10, 2, 3, 0, 0, 40.00%, 0, 0, 2, 884.74, 60541, 4
71, 11, 0, 3, 0, 0, 40.00%, 0, 0, 2, 870.87, 64893, 4
76, 12, 0, 3, 0, 0, 40.00%, 0, 0, 2, 891.08, 69622, 4
81, 13, 0, 3, 0, 0, 40.00%, 0, 0, 2, 852.81, 74402, 4
86, 14, 0, 3, 0, 0, 40.00%, 0, 0, 2, 842.36, 78702, 4
91, 14, 0, 3, 0, 0, 40.00%, 0, 0, 2, 841.48, 82932, 4
96, 15, 0, 3, 0, 0, 40.00%, 0, 0, 2, 737.28, 86516, 4
101, 16, 0, 3, 0, 0, 40.00%, 0, 0, 2, 757.14, 90238, 4
106, 16, 0, 3, 0, 0, 40.00%, 0, 0, 2, 854.08, 94554, 4
112, 17, 0, 3, 0, 0, 40.00%, 0, 0, 2, 878.72, 99310, 4
117, 18, 0, 3, 0, 0, 40.00%, 0, 0, 2, 964.76, 104857, 4
122, 19, 0, 3, 0, 0, 40.00%, 0, 0, 2, 865.67, 109276, 4
127, 19, 0, 3, 0, 0, 40.00%, 0, 0, 2, 595.59, 112184, 4
132, 20, 0, 3, 0, 0, 40.00%, 0, 0, 2, 767.16, 116342, 4
137, 21, 0, 3, 0, 0, 40.00%, 0, 0, 2, 902.36, 121187, 4
143, 22, 0, 3, 0, 0, 40.00%, 0, 0, 2, 919.67, 125986, 4
148, 22, 2, 3, 0, 0, 40.00%, 0, 0, 2, 901.28, 131053, 4
153, 23, 0, 3, 0, 0, 40.00%, 0, 0, 2, 890.00, 135538, 4
158, 24, 0, 3, 0, 0, 40.00%, 0, 0, 2, 862.67, 140029, 4
163, 25, 0, 3, 0, 0, 40.00%, 0, 0, 2, 875.47, 144352, 4
168, 25, 2, 3, 0, 0, 40.00%, 0, 0, 2, 918.59, 148908, 4
173, 26, 0, 3, 0, 0, 40.00%, 0, 0, 2, 911.18, 153656, 4
178, 27, 0, 3, 0, 0, 40.00%, 0, 0, 2, 791.20, 158426, 4
183, 28, 0, 3, 0, 0, 40.00%, 0, 0, 2, 835.54, 162732, 4
189, 29, 0, 3, 0, 0, 40.00%, 0, 0, 2, 840.76, 167077, 4
194, 29, 0, 3, 0, 0, 40.00%, 0, 0, 2, 841.52, 171371, 4
199, 30, 0, 3, 0, 0, 40.00%, 0, 0, 2, 921.99, 176270, 4
204, 31, 0, 3, 0, 0, 40.00%, 0, 0, 2, 890.89, 180793, 4
209, 32, 0, 3, 0, 0, 40.00%, 0, 0, 2, 921.76, 186018, 4
214, 32, 2, 3, 0, 0, 40.00%, 0, 0, 2, 843.38, 190057, 4
219, 33, 0, 3, 0, 0, 40.00%, 0, 0, 2, 868.38, 194457, 4
224, 34, 0, 3, 0, 0, 40.00%, 0, 0, 2, 899.37, 198996, 4
229, 35, 0, 3, 0, 0, 40.00%, 0, 0, 2, 902.79, 203565, 4
234, 36, 0, 3, 0, 0, 40.00%, 0, 0, 2, 916.37, 208274, 4
240, 36, 0, 3, 0, 0, 40.00%, 0, 0, 2, 861.45, 212639, 4
239, 36, 0, 3, 0, 0, 40.00%, 0, 0, 2, 0.00, 212910, 4
244, 37, 0, 3, 0, 0, 40.00%, 0, 0, 2, 917.69, 217697, 4
249, 38, 0, 3, 0, 0, 40.00%, 0, 0, 2, 895.50, 222216, 4
254, 39, 0, 3, 0, 0, 40.00%, 0, 0, 2, 920.63, 226865, 4
260, 39, 0, 3, 0, 0, 40.00%, 0, 0, 2, 685.03, 229935, 4
265, 40, 0, 3, 0, 0, 40.00%, 0, 0, 2, 792.69, 234107, 4
270, 41, 0, 3, 0, 0, 40.00%, 0, 0, 2, 806.17, 238177, 4
275, 41, 2, 3, 0, 0, 40.00%, 0, 0, 2, 860.62, 242971, 4
280, 42, 0, 3, 0, 0, 40.00%, 0, 0, 2, 823.51, 247104, 4
285, 43, 0, 3, 0, 0, 40.00%, 0, 0, 2, 807.36, 251321, 4
290, 44, 0, 3, 0, 0, 40.00%, 0, 0, 2, 842.74, 255804, 4
296, 44, 0, 3, 0, 0, 40.00%, 0, 0, 2, 836.37, 260046, 4
301, 45, 0, 3, 0, 0, 40.00%, 0, 0, 2, 819.40, 264059, 4
306, 46, 0, 3, 0, 0, 40.00%, 0, 0, 2, 924.82, 269082, 4
311, 47, 0, 3, 0, 0, 40.00%, 0, 0, 2, 894.82, 273491, 4
316, 47, 0, 3, 0, 0, 40.00%, 0, 0, 2, 694.54, 277072, 4
321, 48, 0, 3, 0, 0, 40.00%, 0, 0, 2, 796.42, 281148, 4
326, 49, 0, 3, 0, 0, 40.00%, 0, 0, 2, 883.82, 285676, 4
331, 49, 2, 3, 0, 0, 40.00%, 0, 0, 2, 901.05, 290219, 4
336, 50, 0, 3, 0, 0, 40.00%, 0, 0, 2, 745.70, 294662, 4
341, 51, 0, 3, 0, 0, 40.00%, 0, 0, 2, 883.41, 299182, 4
346, 52, 0, 3, 0, 0, 40.00%, 0, 0, 2, 860.51, 303724, 4
351, 52, 0, 3, 0, 0, 40.00%, 0, 0, 2, 737.37, 307322, 4
356, 53, 0, 3, 0, 0, 40.00%, 0, 0, 2, 689.70, 310851, 4
361, 54, 0, 3, 0, 0, 40.00%, 0, 0, 2, 727.79, 314476, 4
366, 54, 0, 3, 0, 0, 40.00%, 0, 0, 2, 724.33, 318110, 4
371, 55, 0, 3, 0, 0, 40.00%, 0, 0, 2, 740.23, 322317, 4
376, 55, 2, 3, 0, 0, 40.00%, 0, 0, 2, 686.57, 325790, 4
382, 56, 0, 3, 0, 0, 40.00%, 0, 0, 2, 683.61, 329369, 4
387, 57, 0, 3, 0, 0, 40.00%, 0, 0, 2, 659.90, 332700, 4
392, 57, 0, 3, 0, 0, 40.00%, 0, 0, 2, 697.77, 336379, 4
397, 58, 0, 3, 0, 0, 40.00%, 0, 0, 2, 745.13, 340336, 4
402, 59, 0, 3, 0, 0, 40.00%, 0, 0, 2, 758.70, 344664, 4
407, 59, 0, 3, 0, 0, 40.00%, 0, 0, 2, 668.06, 347991, 4
412, 60, 0, 3, 0, 0, 40.00%, 0, 0, 2, 800.68, 352312, 4
417, 61, 0, 3, 0, 0, 40.00%, 0, 0, 2, 885.77, 356746, 4
422, 61, 2, 3, 0, 0, 40.00%, 0, 0, 2, 923.18, 361397, 4
427, 62, 0, 3, 0, 0, 40.00%, 0, 0, 2, 845.20, 365532, 4
433, 63, 0, 3, 0, 0, 40.00%, 0, 0, 2, 834.41, 370441, 4
438, 64, 0, 3, 0, 0, 40.00%, 0, 0, 2, 788.31, 374404, 4
443, 64, 2, 3, 0, 0, 40.00%, 0, 0, 2, 887.10, 378979, 4
448, 65, 0, 3, 0, 0, 40.00%, 0, 0, 2, 912.21, 383729, 4
453, 66, 0, 3, 0, 0, 40.00%, 0, 0, 2, 927.25, 388526, 4
458, 67, 0, 3, 0, 0, 40.00%, 0, 0, 2, 897.71, 393013, 4
463, 68, 0, 3, 0, 0, 40.00%, 0, 0, 2, 584.45, 397490, 4
468, 68, 0, 3, 0, 0, 40.00%, 0, 0, 2, 645.19, 400682, 4
473, 69, 0, 3, 0, 0, 40.00%, 0, 0, 2, 809.27, 405019, 4
478, 70, 0, 3, 0, 0, 40.00%, 0, 0, 2, 899.43, 409654, 4
484, 70, 2, 3, 0, 0, 40.00%, 0, 0, 2, 903.99, 413984, 4
489, 71, 0, 3, 0, 0, 40.00%, 0, 0, 2, 866.85, 418357, 4
494, 72, 0, 3, 0, 0, 40.00%, 0, 0, 2, 903.24, 422884, 4
499, 73, 0, 3, 0, 0, 40.00%, 0, 0, 2, 910.31, 427939, 4
504, 74, 0, 3, 0, 0, 40.00%, 0, 0, 2, 901.61, 432472, 4
509, 74, 0, 3, 0, 0, 40.00%, 0, 0, 2, 921.66, 437152, 4
514, 75, 0, 3, 0, 0, 40.00%, 0, 0, 2, 921.01, 441801, 4
519, 76, 0, 3, 0, 0, 40.00%, 0, 0, 2, 900.67, 446438, 4
524, 77, 0, 3, 0, 0, 40.00%, 0, 0, 2, 893.66, 450996, 4
